TWA\TWS;0;1;2;3;4;5;6;7;8;9;10;11;12;13;14;15;16;17;18;19;20;21;22;23;24;25;26;27;28;29;30;31;32;33;34;35;36;37;38;39;40;41;42;43;44;45;46;47;48;49;50;51;52;53;54;55;56;57;58;59;60;61;62;63;64;65;66;67;68;69;70
0;0;0;0;0;0;0;0;0;0;0;0;0;0;0;0;0;0;0;0;0;0;0;0;0;0;0;0;0;0;0;0;0;0;0;0;0;0;0;0;0;0;0;0;0;0;0;0;0;0;0;0;0;0;0;0;0;0;0;0;0;0;0;0;0;0;0;0;0;0;0;0
1;0;0.021;0.042;0.063;0.083;0.107;0.13;0.148;0.167;0.178;0.19;0.194;0.197;0.2;0.203;0.205;0.207;0.208;0.21;0.209;0.21;0.21;0.209;0.211;0.213;0.215;0.217;0.217;0.217;0.213;0.21;0.209;0.208;0.208;0.207;0.207;0.206;0.205;0.205;0.204;0.204;0.203;0.202;0.202;0.201;0.2;0.2;0.199;0.198;0.198;0.197;0.195;0.194;0.192;0.19;0.188;0.187;0.185;0.183;0.181;0.18;0.178;0.176;0.174;0.173;0.171;0.169;0.167;0.166;0.164;0.162
2;0;0.042;0.083;0.125;0.167;0.213;0.26;0.297;0.333;0.357;0.38;0.387;0.394;0.4;0.407;0.41;0.413;0.417;0.42;0.417;0.42;0.419;0.419;0.422;0.426;0.43;0.433;0.433;0.433;0.426;0.419;0.418;0.417;0.416;0.415;0.413;0.412;0.411;0.41;0.409;0.407;0.406;0.405;0.403;0.402;0.401;0.399;0.398;0.397;0.395;0.394;0.391;0.387;0.384;0.38;0.377;0.373;0.37;0.366;0.363;0.359;0.356;0.352;0.349;0.345;0.342;0.338;0.335;0.331;0.328;0.324
3;0;0.063;0.125;0.188;0.25;0.32;0.39;0.445;0.5;0.535;0.57;0.581;0.591;0.601;0.61;0.615;0.62;0.625;0.63;0.626;0.63;0.629;0.628;0.634;0.639;0.645;0.65;0.65;0.65;0.64;0.629;0.627;0.625;0.624;0.622;0.62;0.618;0.616;0.615;0.613;0.611;0.609;0.607;0.605;0.603;0.601;0.599;0.597;0.595;0.593;0.591;0.586;0.581;0.575;0.57;0.565;0.56;0.554;0.549;0.544;0.539;0.533;0.528;0.523;0.518;0.512;0.507;0.502;0.497;0.491;0.486
4;0;0.083;0.167;0.25;0.333;0.427;0.52;0.593;0.667;0.713;0.76;0.774;0.788;0.801;0.813;0.82;0.827;0.833;0.84;0.834;0.84;0.839;0.837;0.845;0.852;0.859;0.867;0.867;0.867;0.853;0.839;0.836;0.834;0.831;0.829;0.827;0.824;0.822;0.819;0.817;0.815;0.812;0.809;0.807;0.804;0.801;0.799;0.796;0.793;0.791;0.788;0.781;0.774;0.767;0.76;0.753;0.746;0.739;0.732;0.725;0.718;0.711;0.704;0.697;0.69;0.683;0.676;0.669;0.662;0.655;0.648
5;0;0.104;0.208;0.313;0.417;0.533;0.65;0.742;0.833;0.892;0.95;0.968;0.985;1.001;1.017;1.025;1.033;1.042;1.05;1.043;1.05;1.048;1.047;1.056;1.065;1.074;1.083;1.083;1.083;1.066;1.048;1.045;1.042;1.039;1.036;1.033;1.03;1.027;1.024;1.021;1.018;1.015;1.012;1.008;1.005;1.002;0.998;0.995;0.992;0.988;0.985;0.976;0.968;0.959;0.95;0.941;0.933;0.924;0.915;0.906;0.898;0.889;0.88;0.871;0.863;0.854;0.845;0.836;0.828;0.819;0.81
6;0;0.125;0.25;0.375;0.5;0.64;0.78;0.89;1;1.07;1.14;1.161;1.182;1.201;1.22;1.23;1.24;1.25;1.26;1.251;1.26;1.258;1.256;1.267;1.278;1.289;1.3;1.3;1.3;1.279;1.258;1.254;1.251;1.247;1.244;1.24;1.236;1.233;1.229;1.226;1.222;1.218;1.214;1.21;1.206;1.202;1.198;1.194;1.19;1.186;1.182;1.172;1.161;1.151;1.14;1.13;1.119;1.109;1.098;1.088;1.077;1.067;1.056;1.046;1.035;1.025;1.014;1.004;0.993;0.983;0.972
7;0;0.146;0.292;0.438;0.583;0.747;0.91;1.038;1.167;1.248;1.33;1.355;1.379;1.401;1.423;1.435;1.447;1.458;1.47;1.46;1.47;1.468;1.465;1.478;1.491;1.504;1.517;1.517;1.517;1.492;1.468;1.463;1.459;1.455;1.451;1.447;1.442;1.438;1.434;1.43;1.426;1.421;1.416;1.412;1.407;1.402;1.398;1.393;1.388;1.384;1.379;1.367;1.355;1.342;1.33;1.318;1.305;1.293;1.281;1.269;1.257;1.244;1.232;1.22;1.208;1.195;1.183;1.171;1.159;1.146;1.134
8;0;0.167;0.333;0.5;0.667;0.853;1.04;1.187;1.333;1.427;1.52;1.548;1.576;1.601;1.627;1.64;1.653;1.667;1.68;1.668;1.68;1.677;1.675;1.689;1.704;1.719;1.733;1.733;1.733;1.705;1.677;1.673;1.668;1.663;1.658;1.653;1.649;1.644;1.639;1.634;1.629;1.624;1.619;1.613;1.608;1.603;1.597;1.592;1.587;1.581;1.576;1.562;1.548;1.534;1.52;1.506;1.492;1.478;1.464;1.45;1.436;1.422;1.408;1.394;1.38;1.366;1.352;1.338;1.324;1.31;1.296
9;0;0.188;0.375;0.563;0.75;0.96;1.17;1.335;1.5;1.605;1.71;1.741;1.773;1.801;1.83;1.845;1.86;1.875;1.89;1.877;1.89;1.887;1.884;1.9;1.917;1.934;1.95;1.95;1.95;1.918;1.887;1.882;1.876;1.871;1.865;1.86;1.855;1.849;1.844;1.838;1.833;1.827;1.821;1.815;1.809;1.803;1.797;1.791;1.785;1.779;1.773;1.757;1.741;1.726;1.71;1.694;1.678;1.663;1.647;1.631;1.616;1.6;1.584;1.568;1.553;1.537;1.521;1.505;1.49;1.474;1.458
10;0;0.208;0.417;0.625;0.833;1.067;1.3;1.483;1.667;1.783;1.9;1.935;1.97;2.002;2.033;2.05;2.067;2.083;2.1;2.085;2.1;2.097;2.093;2.112;2.13;2.148;2.167;2.167;2.167;2.132;2.097;2.091;2.085;2.079;2.073;2.067;2.061;2.055;2.049;2.043;2.037;2.03;2.023;2.017;2.01;2.003;1.997;1.99;1.983;1.977;1.97;1.953;1.935;1.918;1.9;1.883;1.865;1.848;1.83;1.813;1.795;1.778;1.76;1.743;1.725;1.708;1.69;1.673;1.655;1.638;1.62
11;0;0.229;0.458;0.688;0.917;1.173;1.43;1.632;1.833;1.962;2.09;2.129;2.167;2.202;2.237;2.255;2.273;2.292;2.31;2.294;2.31;2.306;2.303;2.323;2.343;2.363;2.383;2.383;2.383;2.345;2.306;2.3;2.293;2.287;2.28;2.273;2.267;2.26;2.254;2.247;2.24;2.233;2.226;2.218;2.211;2.204;2.196;2.189;2.182;2.174;2.167;2.148;2.129;2.109;2.09;2.071;2.052;2.032;2.013;1.994;1.975;1.955;1.936;1.917;1.898;1.878;1.859;1.84;1.821;1.801;1.782
12;0;0.25;0.5;0.75;1;1.28;1.56;1.78;2;2.14;2.28;2.322;2.364;2.402;2.44;2.46;2.48;2.5;2.52;2.502;2.52;2.516;2.512;2.534;2.556;2.578;2.6;2.6;2.6;2.558;2.516;2.509;2.502;2.494;2.487;2.48;2.473;2.466;2.458;2.451;2.444;2.436;2.428;2.42;2.412;2.404;2.396;2.388;2.38;2.372;2.364;2.343;2.322;2.301;2.28;2.259;2.238;2.217;2.196;2.175;2.154;2.133;2.112;2.091;2.07;2.049;2.028;2.007;1.986;1.965;1.944
13;0;0.271;0.542;0.813;1.083;1.387;1.69;1.928;2.167;2.318;2.47;2.516;2.561;2.602;2.643;2.665;2.687;2.708;2.73;2.711;2.73;2.726;2.721;2.745;2.769;2.793;2.817;2.817;2.817;2.771;2.726;2.718;2.71;2.702;2.694;2.687;2.679;2.671;2.663;2.655;2.648;2.639;2.63;2.622;2.613;2.604;2.596;2.587;2.578;2.57;2.561;2.538;2.516;2.493;2.47;2.447;2.424;2.402;2.379;2.356;2.334;2.311;2.288;2.265;2.243;2.22;2.197;2.174;2.152;2.129;2.106
14;0;0.292;0.583;0.875;1.167;1.493;1.82;2.077;2.333;2.497;2.66;2.709;2.758;2.802;2.847;2.87;2.893;2.917;2.94;2.919;2.94;2.935;2.931;2.956;2.982;3.008;3.033;3.033;3.033;2.984;2.935;2.927;2.919;2.91;2.902;2.893;2.885;2.877;2.868;2.86;2.851;2.842;2.833;2.823;2.814;2.805;2.795;2.786;2.777;2.767;2.758;2.734;2.709;2.685;2.66;2.636;2.611;2.587;2.562;2.538;2.513;2.489;2.464;2.44;2.415;2.391;2.366;2.342;2.317;2.293;2.268
15;0;0.313;0.625;0.938;1.25;1.6;1.95;2.225;2.5;2.675;2.85;2.903;2.955;3.003;3.05;3.075;3.1;3.125;3.15;3.128;3.15;3.145;3.14;3.168;3.195;3.223;3.25;3.25;3.25;3.198;3.145;3.136;3.127;3.118;3.109;3.1;3.091;3.082;3.073;3.064;3.055;3.045;3.035;3.025;3.015;3.005;2.995;2.985;2.975;2.965;2.955;2.929;2.903;2.876;2.85;2.824;2.798;2.771;2.745;2.719;2.693;2.666;2.64;2.614;2.588;2.561;2.535;2.509;2.483;2.456;2.43
16;0;0.333;0.667;1;1.333;1.707;2.08;2.373;2.667;2.853;3.04;3.096;3.152;3.203;3.253;3.28;3.307;3.333;3.36;3.336;3.36;3.355;3.349;3.379;3.408;3.437;3.467;3.467;3.467;3.411;3.355;3.345;3.335;3.326;3.316;3.307;3.297;3.287;3.278;3.268;3.259;3.248;3.237;3.227;3.216;3.205;3.195;3.184;3.173;3.163;3.152;3.124;3.096;3.068;3.04;3.012;2.984;2.956;2.928;2.9;2.872;2.844;2.816;2.788;2.76;2.732;2.704;2.676;2.648;2.62;2.592
17;0;0.354;0.708;1.063;1.417;1.813;2.21;2.522;2.833;3.032;3.23;3.29;3.349;3.403;3.457;3.485;3.513;3.542;3.57;3.544;3.57;3.564;3.559;3.59;3.621;3.652;3.683;3.683;3.683;3.624;3.564;3.554;3.544;3.534;3.524;3.513;3.503;3.493;3.483;3.473;3.462;3.451;3.44;3.428;3.417;3.406;3.394;3.383;3.372;3.36;3.349;3.319;3.29;3.26;3.23;3.2;3.171;3.141;3.111;3.081;3.052;3.022;2.992;2.962;2.933;2.903;2.873;2.843;2.814;2.784;2.754
18;0;0.375;0.75;1.125;1.5;1.92;2.34;2.67;3;3.21;3.42;3.483;3.546;3.603;3.66;3.69;3.72;3.75;3.78;3.753;3.78;3.774;3.768;3.801;3.834;3.867;3.9;3.9;3.9;3.837;3.774;3.763;3.752;3.742;3.731;3.72;3.709;3.698;3.688;3.677;3.666;3.654;3.642;3.63;3.618;3.606;3.594;3.582;3.57;3.558;3.546;3.514;3.483;3.451;3.42;3.389;3.357;3.326;3.294;3.263;3.231;3.199;3.168;3.137;3.105;3.073;3.042;3.01;2.979;2.948;2.916
19;0;0.396;0.792;1.188;1.583;2.027;2.47;2.818;3.167;3.388;3.61;3.677;3.743;3.803;3.863;3.895;3.927;3.958;3.99;3.962;3.99;3.984;3.977;4.012;4.047;4.082;4.117;4.117;4.117;4.05;3.984;3.972;3.961;3.949;3.938;3.927;3.915;3.904;3.892;3.881;3.87;3.857;3.844;3.832;3.819;3.806;3.794;3.781;3.768;3.756;3.743;3.71;3.677;3.643;3.61;3.577;3.544;3.51;3.477;3.444;3.411;3.377;3.344;3.311;3.278;3.244;3.211;3.178;3.145;3.111;3.078
20;0;0.417;0.833;1.25;1.667;2.133;2.6;2.967;3.333;3.567;3.8;3.87;3.94;4.003;4.067;4.1;4.133;4.167;4.2;4.17;4.2;4.193;4.187;4.223;4.26;4.297;4.333;4.333;4.333;4.263;4.193;4.181;4.169;4.157;4.145;4.133;4.121;4.109;4.097;4.085;4.073;4.06;4.047;4.033;4.02;4.007;3.993;3.98;3.967;3.953;3.94;3.905;3.87;3.835;3.8;3.765;3.73;3.695;3.66;3.625;3.59;3.555;3.52;3.485;3.45;3.415;3.38;3.345;3.31;3.275;3.24
21;0;0.438;0.875;1.313;1.75;2.24;2.73;3.115;3.5;3.745;3.99;4.063;4.137;4.204;4.27;4.305;4.34;4.375;4.41;4.378;4.41;4.403;4.396;4.435;4.473;4.512;4.55;4.55;4.55;4.477;4.403;4.39;4.378;4.365;4.353;4.34;4.327;4.315;4.302;4.29;4.277;4.263;4.249;4.235;4.221;4.207;4.193;4.179;4.165;4.151;4.137;4.1;4.063;4.027;3.99;3.953;3.916;3.88;3.843;3.806;3.77;3.733;3.696;3.659;3.622;3.586;3.549;3.512;3.476;3.439;3.402
22;0;0.458;0.917;1.375;1.833;2.347;2.86;3.263;3.667;3.923;4.18;4.257;4.334;4.404;4.473;4.51;4.547;4.583;4.62;4.587;4.62;4.613;4.605;4.646;4.686;4.726;4.767;4.767;4.767;4.69;4.613;4.599;4.586;4.573;4.56;4.547;4.533;4.52;4.507;4.494;4.481;4.466;4.451;4.437;4.422;4.407;4.393;4.378;4.363;4.349;4.334;4.296;4.257;4.219;4.18;4.142;4.103;4.065;4.026;3.988;3.949;3.911;3.872;3.834;3.795;3.757;3.718;3.68;3.641;3.603;3.564
23;0;0.479;0.958;1.438;1.917;2.453;2.99;3.412;3.833;4.102;4.37;4.451;4.531;4.604;4.677;4.715;4.753;4.792;4.83;4.796;4.83;4.822;4.815;4.857;4.899;4.941;4.983;4.983;4.983;4.903;4.822;4.809;4.795;4.781;4.767;4.753;4.74;4.726;4.712;4.698;4.684;4.669;4.654;4.638;4.623;4.608;4.592;4.577;4.562;4.546;4.531;4.491;4.451;4.41;4.37;4.33;4.29;4.249;4.209;4.169;4.129;4.088;4.048;4.008;3.968;3.927;3.887;3.847;3.807;3.766;3.726
24;0;0.5;1;1.5;2;2.56;3.12;3.56;4;4.28;4.56;4.644;4.728;4.804;4.88;4.92;4.96;5;5.04;5.004;5.04;5.032;5.024;5.068;5.112;5.156;5.2;5.2;5.2;5.116;5.032;5.018;5.003;4.989;4.974;4.96;4.946;4.931;4.917;4.902;4.888;4.872;4.856;4.84;4.824;4.808;4.792;4.776;4.76;4.744;4.728;4.686;4.644;4.602;4.56;4.518;4.476;4.434;4.392;4.35;4.308;4.266;4.224;4.182;4.14;4.098;4.056;4.014;3.972;3.93;3.888
25;0;0.521;1.042;1.563;2.083;2.667;3.25;3.708;4.167;4.458;4.75;4.838;4.925;5.004;5.083;5.125;5.167;5.208;5.25;5.213;5.25;5.242;5.233;5.279;5.325;5.371;5.417;5.417;5.417;5.329;5.242;5.227;5.212;5.197;5.182;5.167;5.152;5.137;5.122;5.107;5.092;5.075;5.058;5.042;5.025;5.008;4.992;4.975;4.958;4.942;4.925;4.881;4.838;4.794;4.75;4.706;4.663;4.619;4.575;4.531;4.488;4.444;4.4;4.356;4.313;4.269;4.225;4.181;4.138;4.094;4.05
26;0;0.542;1.083;1.625;2.167;2.773;3.38;3.857;4.333;4.637;4.94;5.031;5.122;5.204;5.287;5.33;5.373;5.417;5.46;5.421;5.46;5.451;5.443;5.49;5.538;5.586;5.633;5.633;5.633;5.542;5.451;5.436;5.42;5.405;5.389;5.373;5.358;5.342;5.327;5.311;5.295;5.278;5.261;5.243;5.226;5.209;5.191;5.174;5.157;5.139;5.122;5.077;5.031;4.986;4.94;4.895;4.849;4.804;4.758;4.713;4.667;4.622;4.576;4.531;4.485;4.44;4.394;4.349;4.303;4.258;4.212
27;0;0.563;1.125;1.688;2.25;2.88;3.51;4.005;4.5;4.815;5.13;5.225;5.319;5.405;5.49;5.535;5.58;5.625;5.67;5.63;5.67;5.661;5.652;5.701;5.751;5.801;5.85;5.85;5.85;5.756;5.661;5.645;5.629;5.612;5.596;5.58;5.564;5.548;5.531;5.515;5.499;5.481;5.463;5.445;5.427;5.409;5.391;5.373;5.355;5.337;5.319;5.272;5.225;5.177;5.13;5.083;5.036;4.988;4.941;4.894;4.847;4.799;4.752;4.705;4.658;4.61;4.563;4.516;4.469;4.421;4.374
28;0;0.583;1.167;1.75;2.333;2.987;3.64;4.153;4.667;4.993;5.32;5.418;5.516;5.605;5.693;5.74;5.787;5.833;5.88;5.838;5.88;5.871;5.861;5.913;5.964;6.015;6.067;6.067;6.067;5.969;5.871;5.854;5.837;5.82;5.803;5.787;5.77;5.753;5.736;5.719;5.703;5.684;5.665;5.647;5.628;5.609;5.591;5.572;5.553;5.535;5.516;5.467;5.418;5.369;5.32;5.271;5.222;5.173;5.124;5.075;5.026;4.977;4.928;4.879;4.83;4.781;4.732;4.683;4.634;4.585;4.536
29;0;0.604;1.208;1.813;2.417;3.093;3.77;4.302;4.833;5.172;5.51;5.611;5.713;5.805;5.897;5.945;5.993;6.042;6.09;6.047;6.09;6.08;6.071;6.124;6.177;6.23;6.283;6.283;6.283;6.182;6.08;6.063;6.046;6.028;6.011;5.993;5.976;5.959;5.941;5.924;5.906;5.887;5.868;5.848;5.829;5.81;5.79;5.771;5.752;5.732;5.713;5.662;5.612;5.561;5.51;5.459;5.409;5.358;5.307;5.256;5.206;5.155;5.104;5.053;5.003;4.952;4.901;4.85;4.8;4.749;4.698
30;0;0.625;1.25;1.875;2.5;3.2;3.9;4.45;5;5.35;5.7;5.805;5.91;6.005;6.1;6.15;6.2;6.25;6.3;6.255;6.3;6.29;6.28;6.335;6.39;6.445;6.5;6.5;6.5;6.395;6.29;6.272;6.254;6.236;6.218;6.2;6.182;6.164;6.146;6.128;6.11;6.09;6.07;6.05;6.03;6.01;5.99;5.97;5.95;5.93;5.91;5.858;5.805;5.753;5.7;5.648;5.595;5.543;5.49;5.438;5.385;5.333;5.28;5.228;5.175;5.123;5.07;5.018;4.965;4.913;4.86
31;0;0.65;1.3;1.95;2.6;3.317;4.033;4.583;5.133;5.467;5.8;5.903;6.007;6.103;6.2;6.25;6.3;6.35;6.4;6.37;6.433;6.427;6.42;6.473;6.527;6.582;6.637;6.638;6.64;6.542;6.443;6.428;6.412;6.396;6.381;6.365;6.349;6.334;6.318;6.302;6.287;6.265;6.243;6.222;6.2;6.178;6.157;6.135;6.113;6.092;6.07;6.016;5.962;5.908;5.854;5.8;5.746;5.692;5.638;5.584;5.53;5.476;5.422;5.368;5.314;5.26;5.206;5.152;5.098;5.044;4.99
32;0;0.675;1.35;2.025;2.7;3.433;4.167;4.717;5.267;5.583;5.9;6.002;6.103;6.202;6.3;6.35;6.4;6.45;6.5;6.485;6.567;6.563;6.56;6.612;6.663;6.718;6.773;6.777;6.78;6.688;6.597;6.583;6.57;6.557;6.543;6.53;6.517;6.503;6.49;6.477;6.463;6.44;6.417;6.393;6.37;6.347;6.323;6.3;6.277;6.253;6.23;6.175;6.119;6.064;6.008;5.953;5.897;5.842;5.786;5.731;5.675;5.62;5.564;5.509;5.453;5.398;5.342;5.287;5.231;5.176;5.12
33;0;0.7;1.4;2.1;2.8;3.55;4.3;4.85;5.4;5.7;6;6.1;6.2;6.3;6.4;6.45;6.5;6.55;6.6;6.6;6.7;6.7;6.7;6.75;6.8;6.855;6.91;6.915;6.92;6.835;6.75;6.739;6.728;6.717;6.706;6.695;6.684;6.673;6.662;6.651;6.64;6.615;6.59;6.565;6.54;6.515;6.49;6.465;6.44;6.415;6.39;6.333;6.276;6.219;6.162;6.105;6.048;5.991;5.934;5.877;5.82;5.763;5.706;5.649;5.592;5.535;5.478;5.421;5.364;5.307;5.25
34;0;0.725;1.45;2.175;2.9;3.65;4.4;4.95;5.5;5.783;6.067;6.183;6.3;6.4;6.5;6.55;6.6;6.667;6.733;6.715;6.797;6.813;6.83;6.897;6.963;7.017;7.07;7.073;7.077;6.988;6.9;6.889;6.878;6.867;6.856;6.845;6.834;6.823;6.812;6.801;6.79;6.763;6.736;6.709;6.682;6.655;6.628;6.601;6.574;6.547;6.52;6.465;6.409;6.354;6.299;6.243;6.188;6.133;6.077;6.022;5.967;5.911;5.856;5.801;5.745;5.69;5.635;5.579;5.524;5.469;5.413
35;0;0.75;1.5;2.25;3;3.75;4.5;5.05;5.6;5.867;6.133;6.267;6.4;6.5;6.6;6.65;6.7;6.783;6.867;6.83;6.893;6.927;6.96;7.043;7.127;7.178;7.23;7.232;7.233;7.142;7.05;7.039;7.028;7.017;7.006;6.995;6.984;6.973;6.962;6.951;6.94;6.911;6.882;6.853;6.824;6.795;6.766;6.737;6.708;6.679;6.65;6.596;6.543;6.489;6.435;6.382;6.328;6.274;6.221;6.167;6.113;6.06;6.006;5.952;5.899;5.845;5.791;5.738;5.684;5.63;5.577
36;0;0.775;1.55;2.325;3.1;3.85;4.6;5.15;5.7;5.95;6.2;6.35;6.5;6.6;6.7;6.75;6.8;6.9;7;6.945;6.99;7.04;7.09;7.19;7.29;7.34;7.39;7.39;7.39;7.295;7.2;7.189;7.178;7.167;7.156;7.145;7.134;7.123;7.112;7.101;7.09;7.059;7.028;6.997;6.966;6.935;6.904;6.873;6.842;6.811;6.78;6.728;6.676;6.624;6.572;6.52;6.468;6.416;6.364;6.312;6.26;6.208;6.156;6.104;6.052;6;5.948;5.896;5.844;5.792;5.74
37;0;0.792;1.583;2.375;3.167;3.933;4.7;5.233;5.767;6.017;6.267;6.417;6.567;6.667;6.767;6.833;6.9;7;7.1;7.06;7.123;7.188;7.253;7.337;7.42;7.478;7.537;7.528;7.52;7.44;7.36;7.346;7.333;7.319;7.305;7.292;7.278;7.264;7.251;7.237;7.223;7.192;7.161;7.13;7.099;7.068;7.037;7.006;6.975;6.944;6.913;6.863;6.812;6.761;6.711;6.66;6.609;6.559;6.508;6.457;6.407;6.356;6.305;6.255;6.204;6.153;6.103;6.052;6.001;5.951;5.9
38;0;0.808;1.617;2.425;3.233;4.017;4.8;5.317;5.833;6.083;6.333;6.483;6.633;6.733;6.833;6.917;7;7.1;7.2;7.175;7.257;7.337;7.417;7.483;7.55;7.617;7.683;7.667;7.65;7.585;7.52;7.504;7.487;7.471;7.455;7.438;7.422;7.406;7.389;7.373;7.357;7.326;7.295;7.264;7.233;7.202;7.171;7.14;7.109;7.078;7.047;6.997;6.948;6.899;6.849;6.8;6.751;6.701;6.652;6.603;6.553;6.504;6.455;6.405;6.356;6.307;6.257;6.208;6.159;6.109;6.06
39;0;0.825;1.65;2.475;3.3;4.1;4.9;5.4;5.9;6.15;6.4;6.55;6.7;6.8;6.9;7;7.1;7.2;7.3;7.29;7.39;7.485;7.58;7.63;7.68;7.755;7.83;7.805;7.78;7.73;7.68;7.661;7.642;7.623;7.604;7.585;7.566;7.547;7.528;7.509;7.49;7.459;7.428;7.397;7.366;7.335;7.304;7.273;7.242;7.211;7.18;7.132;7.084;7.036;6.988;6.94;6.892;6.844;6.796;6.748;6.7;6.652;6.604;6.556;6.508;6.46;6.412;6.364;6.316;6.268;6.22
40;0;0.842;1.683;2.525;3.367;4.173;4.98;5.473;5.967;6.217;6.467;6.633;6.8;6.9;7;7.117;7.233;7.317;7.4;7.388;7.487;7.6;7.713;7.78;7.847;7.902;7.957;7.935;7.913;7.88;7.847;7.827;7.808;7.789;7.769;7.75;7.731;7.711;7.692;7.673;7.653;7.618;7.583;7.548;7.513;7.478;7.443;7.408;7.373;7.338;7.303;7.255;7.207;7.159;7.111;7.063;7.015;6.967;6.919;6.871;6.823;6.775;6.727;6.679;6.631;6.583;6.535;6.487;6.439;6.391;6.343
41;0;0.858;1.717;2.575;3.433;4.247;5.06;5.547;6.033;6.283;6.533;6.717;6.9;7;7.1;7.233;7.367;7.433;7.5;7.487;7.583;7.715;7.847;7.93;8.013;8.048;8.083;8.065;8.047;8.03;8.013;7.994;7.974;7.954;7.935;7.915;7.895;7.876;7.856;7.836;7.817;7.778;7.739;7.7;7.661;7.622;7.583;7.544;7.505;7.466;7.427;7.379;7.331;7.283;7.235;7.187;7.139;7.091;7.043;6.995;6.947;6.899;6.851;6.803;6.755;6.707;6.659;6.611;6.563;6.515;6.467
42;0;0.875;1.75;2.625;3.5;4.32;5.14;5.62;6.1;6.35;6.6;6.8;7;7.1;7.2;7.35;7.5;7.55;7.6;7.585;7.68;7.83;7.98;8.08;8.18;8.195;8.21;8.195;8.18;8.18;8.18;8.16;8.14;8.12;8.1;8.08;8.06;8.04;8.02;8;7.98;7.937;7.894;7.851;7.808;7.765;7.722;7.679;7.636;7.593;7.55;7.502;7.454;7.406;7.358;7.31;7.262;7.214;7.166;7.118;7.07;7.022;6.974;6.926;6.878;6.83;6.782;6.734;6.686;6.638;6.59
43;0;0.892;1.783;2.675;3.567;4.397;5.227;5.697;6.167;6.417;6.667;6.867;7.067;7.183;7.3;7.45;7.6;7.667;7.733;7.717;7.813;7.962;8.11;8.22;8.33;8.347;8.363;8.337;8.31;8.327;8.343;8.32;8.297;8.273;8.25;8.227;8.203;8.18;8.157;8.133;8.11;8.066;8.023;7.979;7.935;7.892;7.848;7.804;7.761;7.717;7.673;7.625;7.576;7.527;7.479;7.43;7.381;7.333;7.284;7.235;7.187;7.138;7.089;7.041;6.992;6.943;6.895;6.846;6.797;6.749;6.7
44;0;0.908;1.817;2.725;3.633;4.473;5.313;5.773;6.233;6.483;6.733;6.933;7.133;7.267;7.4;7.55;7.7;7.783;7.867;7.848;7.947;8.093;8.24;8.36;8.48;8.498;8.517;8.478;8.44;8.473;8.507;8.48;8.453;8.427;8.4;8.373;8.347;8.32;8.293;8.267;8.24;8.196;8.151;8.107;8.063;8.018;7.974;7.93;7.885;7.841;7.797;7.747;7.698;7.649;7.599;7.55;7.501;7.451;7.402;7.353;7.303;7.254;7.205;7.155;7.106;7.057;7.007;6.958;6.909;6.859;6.81
45;0;0.925;1.85;2.775;3.7;4.55;5.4;5.85;6.3;6.55;6.8;7;7.2;7.35;7.5;7.65;7.8;7.9;8;7.98;8.08;8.225;8.37;8.5;8.63;8.65;8.67;8.62;8.57;8.62;8.67;8.64;8.61;8.58;8.55;8.52;8.49;8.46;8.43;8.4;8.37;8.325;8.28;8.235;8.19;8.145;8.1;8.055;8.01;7.965;7.92;7.87;7.82;7.77;7.72;7.67;7.62;7.57;7.52;7.47;7.42;7.37;7.32;7.27;7.22;7.17;7.12;7.07;7.02;6.97;6.92
46;0;0.945;1.89;2.835;3.78;4.62;5.46;5.9;6.34;6.6;6.86;7.07;7.28;7.44;7.6;7.75;7.9;8.01;8.12;8.108;8.218;8.363;8.508;8.632;8.756;8.772;8.788;8.738;8.688;8.748;8.808;8.778;8.748;8.718;8.688;8.658;8.628;8.598;8.568;8.538;8.508;8.463;8.418;8.374;8.329;8.284;8.239;8.194;8.15;8.105;8.06;8.009;7.958;7.907;7.856;7.805;7.753;7.702;7.651;7.6;7.549;7.498;7.447;7.396;7.345;7.294;7.242;7.191;7.14;7.089;7.038
47;0;0.965;1.93;2.895;3.86;4.69;5.52;5.95;6.38;6.65;6.92;7.14;7.36;7.53;7.7;7.85;8;8.12;8.24;8.236;8.356;8.501;8.646;8.764;8.882;8.894;8.906;8.856;8.806;8.876;8.946;8.916;8.886;8.856;8.826;8.796;8.766;8.736;8.706;8.676;8.646;8.601;8.557;8.512;8.468;8.423;8.378;8.334;8.289;8.245;8.2;8.148;8.096;8.043;7.991;7.939;7.887;7.835;7.782;7.73;7.678;7.626;7.574;7.521;7.469;7.417;7.365;7.313;7.26;7.208;7.156
48;0;0.985;1.97;2.955;3.94;4.76;5.58;6;6.42;6.7;6.98;7.21;7.44;7.62;7.8;7.95;8.1;8.23;8.36;8.364;8.494;8.639;8.784;8.896;9.008;9.016;9.024;8.974;8.924;9.004;9.084;9.054;9.024;8.994;8.964;8.934;8.904;8.874;8.844;8.814;8.784;8.74;8.695;8.651;8.606;8.562;8.518;8.473;8.429;8.384;8.34;8.287;8.233;8.18;8.127;8.073;8.02;7.967;7.914;7.86;7.807;7.754;7.7;7.647;7.594;7.54;7.487;7.434;7.381;7.327;7.274
49;0;1.005;2.01;3.015;4.02;4.83;5.64;6.05;6.46;6.75;7.04;7.28;7.52;7.71;7.9;8.05;8.2;8.34;8.48;8.492;8.632;8.777;8.922;9.028;9.134;9.138;9.142;9.092;9.042;9.132;9.222;9.192;9.162;9.132;9.102;9.072;9.042;9.012;8.982;8.952;8.922;8.878;8.834;8.789;8.745;8.701;8.657;8.613;8.568;8.524;8.48;8.426;8.371;8.317;8.262;8.208;8.154;8.099;8.045;7.99;7.936;7.882;7.827;7.773;7.718;7.664;7.61;7.555;7.501;7.446;7.392
50;0;1.025;2.05;3.075;4.1;4.9;5.7;6.1;6.5;6.8;7.1;7.35;7.6;7.8;8;8.15;8.3;8.45;8.6;8.62;8.77;8.915;9.06;9.16;9.26;9.26;9.26;9.21;9.16;9.26;9.36;9.33;9.3;9.27;9.24;9.21;9.18;9.15;9.12;9.09;9.06;9.016;8.972;8.928;8.884;8.84;8.796;8.752;8.708;8.664;8.62;8.564;8.509;8.453;8.398;8.343;8.287;8.232;8.176;8.121;8.065;8.009;7.954;7.898;7.843;7.788;7.732;7.677;7.621;7.565;7.51
51;0;1.04;2.08;3.12;4.16;4.95;5.74;6.15;6.56;6.86;7.16;7.42;7.68;7.89;8.1;8.25;8.4;8.56;8.72;8.734;8.88;9.037;9.194;9.296;9.398;9.408;9.418;9.367;9.316;9.426;9.536;9.506;9.476;9.447;9.417;9.387;9.357;9.327;9.298;9.268;9.238;9.194;9.149;9.105;9.06;9.016;8.972;8.927;8.883;8.838;8.794;8.735;8.677;8.618;8.56;8.501;8.442;8.384;8.325;8.267;8.208;8.149;8.091;8.032;7.974;7.915;7.856;7.798;7.739;7.681;7.622
52;0;1.055;2.11;3.165;4.22;5;5.78;6.2;6.62;6.92;7.22;7.49;7.76;7.98;8.2;8.35;8.5;8.67;8.84;8.848;8.99;9.159;9.328;9.432;9.536;9.556;9.576;9.524;9.472;9.592;9.712;9.682;9.653;9.623;9.594;9.564;9.534;9.505;9.475;9.446;9.416;9.371;9.326;9.282;9.237;9.192;9.147;9.102;9.058;9.013;8.968;8.906;8.845;8.783;8.721;8.66;8.598;8.536;8.474;8.413;8.351;8.289;8.228;8.166;8.104;8.043;7.981;7.919;7.857;7.796;7.734
53;0;1.07;2.14;3.21;4.28;5.05;5.82;6.25;6.68;6.98;7.28;7.56;7.84;8.07;8.3;8.45;8.6;8.78;8.96;8.962;9.1;9.281;9.462;9.568;9.674;9.704;9.734;9.681;9.628;9.758;9.888;9.859;9.829;9.8;9.77;9.741;9.712;9.682;9.653;9.623;9.594;9.549;9.504;9.458;9.413;9.368;9.323;9.278;9.232;9.187;9.142;9.077;9.012;8.948;8.883;8.818;8.753;8.688;8.624;8.559;8.494;8.429;8.364;8.3;8.235;8.17;8.105;8.04;7.976;7.911;7.846
54;0;1.085;2.17;3.255;4.34;5.1;5.86;6.3;6.74;7.04;7.34;7.63;7.92;8.16;8.4;8.55;8.7;8.89;9.08;9.076;9.21;9.403;9.596;9.704;9.812;9.852;9.892;9.838;9.784;9.924;10.064;10.035;10.006;9.976;9.947;9.918;9.889;9.86;9.83;9.801;9.772;9.726;9.681;9.635;9.59;9.544;9.498;9.453;9.407;9.362;9.316;9.248;9.18;9.112;9.044;8.977;8.909;8.841;8.773;8.705;8.637;8.569;8.501;8.433;8.365;8.298;8.23;8.162;8.094;8.026;7.958
55;0;1.1;2.2;3.3;4.4;5.15;5.9;6.35;6.8;7.1;7.4;7.7;8;8.25;8.5;8.65;8.8;9;9.2;9.19;9.32;9.525;9.73;9.84;9.95;10;10.05;9.995;9.94;10.09;10.24;10.211;10.182;10.153;10.124;10.095;10.066;10.037;10.008;9.979;9.95;9.904;9.858;9.812;9.766;9.72;9.674;9.628;9.582;9.536;9.49;9.419;9.348;9.277;9.206;9.135;9.064;8.993;8.922;8.851;8.78;8.709;8.638;8.567;8.496;8.425;8.354;8.283;8.212;8.141;8.07
56;0;1.11;2.22;3.33;4.44;5.185;5.93;6.375;6.82;7.13;7.44;7.74;8.04;8.3;8.56;8.72;8.88;9.088;9.296;9.3;9.446;9.669;9.892;10;10.108;10.158;10.208;10.164;10.12;10.279;10.438;10.409;10.38;10.35;10.321;10.292;10.263;10.234;10.204;10.175;10.146;10.098;10.05;10.001;9.953;9.905;9.857;9.809;9.76;9.712;9.664;9.59;9.516;9.442;9.368;9.294;9.22;9.146;9.072;8.998;8.924;8.85;8.776;8.702;8.628;8.554;8.48;8.406;8.332;8.258;8.184
57;0;1.12;2.24;3.36;4.48;5.22;5.96;6.4;6.84;7.16;7.48;7.78;8.08;8.35;8.62;8.79;8.96;9.176;9.392;9.41;9.572;9.813;10.054;10.16;10.266;10.316;10.366;10.333;10.3;10.468;10.636;10.607;10.577;10.548;10.518;10.489;10.46;10.43;10.401;10.371;10.342;10.292;10.241;10.191;10.14;10.09;10.04;9.989;9.939;9.888;9.838;9.761;9.684;9.607;9.53;9.453;9.376;9.299;9.222;9.145;9.068;8.991;8.914;8.837;8.76;8.683;8.606;8.529;8.452;8.375;8.298
58;0;1.13;2.26;3.39;4.52;5.255;5.99;6.425;6.86;7.19;7.52;7.82;8.12;8.4;8.68;8.86;9.04;9.264;9.488;9.52;9.698;9.957;10.216;10.32;10.424;10.474;10.524;10.502;10.48;10.657;10.834;10.804;10.775;10.745;10.716;10.686;10.656;10.627;10.597;10.568;10.538;10.485;10.433;10.38;10.328;10.275;10.222;10.17;10.117;10.065;10.012;9.932;9.852;9.772;9.692;9.612;9.532;9.452;9.372;9.292;9.212;9.132;9.052;8.972;8.892;8.812;8.732;8.652;8.572;8.492;8.412
59;0;1.14;2.28;3.42;4.56;5.29;6.02;6.45;6.88;7.22;7.56;7.86;8.16;8.45;8.74;8.93;9.12;9.352;9.584;9.63;9.824;10.101;10.378;10.48;10.582;10.632;10.682;10.671;10.66;10.846;11.032;11.002;10.972;10.943;10.913;10.883;10.853;10.823;10.794;10.764;10.734;10.679;10.624;10.57;10.515;10.46;10.405;10.35;10.296;10.241;10.186;10.103;10.02;9.937;9.854;9.771;9.688;9.605;9.522;9.439;9.356;9.273;9.19;9.107;9.024;8.941;8.858;8.775;8.692;8.609;8.526
60;0;1.15;2.3;3.45;4.6;5.325;6.05;6.475;6.9;7.25;7.6;7.9;8.2;8.5;8.8;9;9.2;9.44;9.68;9.74;9.95;10.245;10.54;10.64;10.74;10.79;10.84;10.84;10.84;11.035;11.23;11.2;11.17;11.14;11.11;11.08;11.05;11.02;10.99;10.96;10.93;10.873;10.816;10.759;10.702;10.645;10.588;10.531;10.474;10.417;10.36;10.274;10.188;10.102;10.016;9.93;9.844;9.758;9.672;9.586;9.5;9.414;9.328;9.242;9.156;9.07;8.984;8.898;8.812;8.726;8.64
61;0;1.158;2.317;3.476;4.634;5.353;6.072;6.502;6.932;7.291;7.65;7.96;8.27;8.569;8.868;9.078;9.288;9.54;9.792;9.864;10.088;10.383;10.678;10.778;10.878;10.927;10.976;10.976;10.976;11.172;11.368;11.336;11.304;11.272;11.24;11.208;11.176;11.144;11.112;11.08;11.048;10.993;10.938;10.882;10.827;10.772;10.717;10.662;10.606;10.551;10.496;10.408;10.321;10.234;10.146;10.059;9.971;9.884;9.796;9.709;9.621;9.534;9.446;9.359;9.271;9.184;9.096;9.009;8.921;8.834;8.746
62;0;1.167;2.334;3.501;4.668;5.381;6.094;6.529;6.964;7.332;7.7;8.02;8.34;8.638;8.936;9.156;9.376;9.64;9.904;9.988;10.226;10.521;10.816;10.916;11.016;11.064;11.112;11.112;11.112;11.309;11.506;11.472;11.438;11.404;11.37;11.336;11.302;11.268;11.234;11.2;11.166;11.113;11.059;11.006;10.952;10.899;10.846;10.792;10.739;10.685;10.632;10.543;10.454;10.365;10.276;10.187;10.098;10.009;9.92;9.831;9.742;9.653;9.564;9.475;9.386;9.297;9.208;9.119;9.03;8.941;8.852
63;0;1.176;2.351;3.526;4.702;5.409;6.116;6.556;6.996;7.373;7.75;8.08;8.41;8.707;9.004;9.234;9.464;9.74;10.016;10.115;10.364;10.659;10.954;11.054;11.154;11.201;11.248;11.248;11.248;11.446;11.644;11.608;11.572;11.536;11.5;11.464;11.428;11.392;11.356;11.32;11.284;11.232;11.181;11.129;11.078;11.026;10.974;10.923;10.871;10.82;10.768;10.678;10.587;10.497;10.406;10.316;10.225;10.135;10.044;9.954;9.863;9.772;9.682;9.592;9.501;9.411;9.32;9.23;9.139;9.049;8.958
64;0;1.184;2.368;3.552;4.736;5.437;6.138;6.583;7.028;7.414;7.8;8.14;8.48;8.776;9.072;9.312;9.552;9.84;10.128;10.275;10.502;10.797;11.092;11.192;11.292;11.338;11.384;11.384;11.384;11.583;11.782;11.744;11.706;11.668;11.63;11.592;11.554;11.516;11.478;11.44;11.402;11.352;11.302;11.253;11.203;11.153;11.103;11.053;11.004;10.954;10.904;10.812;10.72;10.628;10.536;10.444;10.352;10.26;10.168;10.076;9.984;9.892;9.8;9.708;9.616;9.524;9.432;9.34;9.248;9.156;9.064
65;0;1.193;2.385;3.577;4.77;5.465;6.16;6.61;7.06;7.455;7.85;8.2;8.55;8.845;9.14;9.39;9.64;9.94;10.24;10.435;10.67;10.935;11.23;11.33;11.43;11.475;11.52;11.52;11.52;11.72;11.92;11.88;11.84;11.8;11.76;11.72;11.68;11.64;11.6;11.56;11.52;11.472;11.424;11.376;11.328;11.28;11.232;11.184;11.136;11.088;11.04;10.947;10.853;10.76;10.666;10.573;10.479;10.385;10.292;10.199;10.105;10.012;9.918;9.825;9.731;9.638;9.544;9.451;9.357;9.264;9.17
66;0;1.191;2.382;3.573;4.764;5.461;6.16;6.615;7.072;7.466;7.86;8.219;8.578;8.882;9.188;9.454;9.722;10.021;10.32;10.555;10.792;11.042;11.328;11.438;11.548;11.603;11.658;11.658;11.658;11.848;12.038;11.998;11.958;11.919;11.879;11.839;11.799;11.759;11.72;11.68;11.64;11.592;11.543;11.495;11.446;11.398;11.35;11.301;11.253;11.204;11.156;11.062;10.968;10.874;10.78;10.686;10.593;10.499;10.405;10.311;10.217;10.123;10.029;9.935;9.841;9.748;9.654;9.56;9.466;9.372;9.278
67;0;1.194;2.387;3.581;4.774;5.477;6.18;6.645;7.11;7.505;7.9;8.265;8.63;8.948;9.266;9.553;9.84;10.138;10.436;10.675;10.914;11.149;11.426;11.546;11.666;11.731;11.796;11.796;11.796;11.976;12.156;12.116;12.077;12.037;11.998;11.958;11.918;11.879;11.839;11.8;11.76;11.711;11.662;11.614;11.565;11.516;11.467;11.418;11.37;11.321;11.272;11.178;11.083;10.989;10.895;10.801;10.706;10.612;10.518;10.423;10.329;10.235;10.14;10.046;9.952;9.858;9.763;9.669;9.575;9.48;9.386
68;0;1.197;2.393;3.59;4.786;5.493;6.2;6.675;7.15;7.545;7.94;8.315;8.69;9.017;9.344;9.652;9.96;10.257;10.554;10.795;11.036;11.256;11.524;11.654;11.784;11.859;11.934;11.934;11.934;12.104;12.274;12.235;12.195;12.156;12.116;12.077;12.038;11.998;11.959;11.919;11.88;11.831;11.782;11.732;11.683;11.634;11.585;11.536;11.486;11.437;11.388;11.293;11.199;11.104;11.009;10.914;10.82;10.725;10.63;10.536;10.441;10.346;10.252;10.157;10.062;9.968;9.873;9.778;9.683;9.589;9.494
69;0;1.2;2.399;3.599;4.798;5.509;6.22;6.705;7.19;7.585;7.98;8.365;8.75;9.086;9.422;9.751;10.08;10.376;10.672;10.915;11.158;11.363;11.622;11.762;11.902;11.987;12.072;12.072;12.072;12.232;12.392;12.353;12.314;12.274;12.235;12.196;12.157;12.118;12.078;12.039;12;11.95;11.901;11.851;11.802;11.752;11.702;11.653;11.603;11.554;11.504;11.409;11.314;11.219;11.124;11.028;10.933;10.838;10.743;10.648;10.553;10.458;10.363;10.268;10.173;10.078;9.982;9.887;9.792;9.697;9.602
70;0;1.203;2.405;3.608;4.81;5.525;6.24;6.735;7.23;7.625;8.02;8.415;8.81;9.155;9.5;9.85;10.2;10.495;10.79;11.035;11.28;11.485;11.72;11.87;12.02;12.115;12.21;12.21;12.21;12.36;12.51;12.471;12.432;12.393;12.354;12.315;12.276;12.237;12.198;12.159;12.12;12.07;12.02;11.97;11.92;11.87;11.82;11.77;11.72;11.67;11.62;11.524;11.429;11.333;11.238;11.143;11.047;10.952;10.856;10.761;10.665;10.57;10.474;10.378;10.283;10.188;10.092;9.997;9.901;9.806;9.71
71;0;1.205;2.409;3.614;4.818;5.539;6.26;6.755;7.25;7.665;8.08;8.475;8.87;9.225;9.58;9.939;10.298;10.594;10.89;11.134;11.378;11.6;11.838;11.978;12.118;12.214;12.31;12.31;12.31;12.469;12.628;12.589;12.55;12.511;12.472;12.433;12.394;12.355;12.316;12.277;12.238;12.186;12.134;12.082;12.03;11.978;11.926;11.874;11.822;11.77;11.718;11.621;11.523;11.426;11.329;11.231;11.134;11.037;10.94;10.842;10.745;10.648;10.55;10.453;10.356;10.259;10.161;10.064;9.967;9.869;9.772
72;0;1.207;2.413;3.62;4.826;5.553;6.28;6.775;7.27;7.705;8.14;8.535;8.93;9.295;9.66;10.028;10.396;10.693;10.99;11.233;11.476;11.715;11.956;12.086;12.216;12.313;12.41;12.41;12.41;12.578;12.746;12.707;12.668;12.629;12.59;12.551;12.512;12.473;12.434;12.395;12.356;12.302;12.248;12.194;12.14;12.086;12.032;11.978;11.924;11.87;11.816;11.717;11.618;11.519;11.42;11.321;11.221;11.122;11.023;10.924;10.825;10.726;10.627;10.528;10.429;10.33;10.23;10.131;10.032;9.933;9.834
73;0;1.209;2.417;3.625;4.834;5.567;6.3;6.795;7.29;7.745;8.2;8.595;8.99;9.365;9.74;10.117;10.494;10.792;11.09;11.332;11.574;11.83;12.086;12.194;12.314;12.412;12.51;12.51;12.51;12.687;12.864;12.825;12.786;12.747;12.708;12.669;12.63;12.591;12.552;12.513;12.474;12.418;12.362;12.306;12.25;12.194;12.138;12.082;12.026;11.97;11.914;11.813;11.712;11.611;11.51;11.41;11.309;11.208;11.107;11.006;10.905;10.804;10.703;10.602;10.501;10.401;10.3;10.199;10.098;9.997;9.896
74;0;1.211;2.421;3.632;4.842;5.581;6.32;6.815;7.31;7.785;8.26;8.655;9.05;9.435;9.82;10.206;10.592;10.891;11.19;11.431;11.672;11.945;12.218;12.302;12.412;12.511;12.61;12.61;12.61;12.796;12.982;12.943;12.904;12.865;12.826;12.787;12.748;12.709;12.67;12.631;12.592;12.534;12.476;12.418;12.36;12.302;12.244;12.186;12.128;12.07;12.012;11.909;11.807;11.704;11.601;11.499;11.396;11.293;11.19;11.088;10.985;10.882;10.78;10.677;10.574;10.472;10.369;10.266;10.163;10.061;9.958
75;0;1.213;2.425;3.637;4.85;5.595;6.34;6.835;7.33;7.825;8.32;8.715;9.11;9.505;9.9;10.295;10.69;10.99;11.29;11.53;11.77;12.06;12.35;12.41;12.51;12.61;12.71;12.71;12.71;12.905;13.1;13.061;13.022;12.983;12.944;12.905;12.866;12.827;12.788;12.749;12.71;12.65;12.59;12.53;12.47;12.41;12.35;12.29;12.23;12.17;12.11;12.005;11.901;11.797;11.692;11.587;11.483;11.378;11.274;11.17;11.065;10.961;10.856;10.752;10.647;10.543;10.438;10.333;10.229;10.125;10.02
76;0;1.213;2.425;3.638;4.85;5.594;6.338;6.839;7.34;7.849;8.358;8.764;9.17;9.575;9.98;10.385;10.79;11.089;11.388;11.619;11.85;12.14;12.43;12.476;12.57;12.689;12.808;12.808;12.808;13.003;13.198;13.157;13.116;13.075;13.034;12.993;12.952;12.911;12.87;12.829;12.788;12.728;12.668;12.607;12.547;12.487;12.427;12.367;12.306;12.246;12.186;12.082;11.978;11.873;11.769;11.665;11.561;11.457;11.352;11.248;11.144;11.04;10.936;10.831;10.727;10.623;10.519;10.415;10.31;10.206;10.102
77;0;1.213;2.425;3.637;4.85;5.593;6.336;6.843;7.35;7.873;8.396;8.813;9.23;9.645;10.06;10.475;10.89;11.188;11.486;11.708;11.93;12.22;12.51;12.542;12.63;12.768;12.906;12.906;12.906;13.101;13.296;13.253;13.21;13.167;13.124;13.081;13.038;12.995;12.952;12.909;12.866;12.806;12.745;12.685;12.624;12.564;12.504;12.443;12.383;12.322;12.262;12.158;12.054;11.95;11.846;11.743;11.639;11.535;11.431;11.327;11.223;11.119;11.015;10.911;10.807;10.703;10.6;10.496;10.392;10.288;10.184
78;0;1.213;2.425;3.637;4.85;5.592;6.334;6.847;7.36;7.897;8.434;8.862;9.29;9.715;10.14;10.565;10.99;11.287;11.584;11.797;12.01;12.3;12.59;12.62;12.69;12.847;13.004;13.004;13.004;13.199;13.394;13.349;13.304;13.259;13.214;13.169;13.124;13.079;13.034;12.989;12.944;12.883;12.823;12.762;12.702;12.641;12.58;12.52;12.459;12.399;12.338;12.234;12.131;12.027;11.924;11.82;11.716;11.613;11.509;11.406;11.302;11.198;11.095;10.991;10.888;10.784;10.68;10.577;10.473;10.37;10.266
79;0;1.213;2.425;3.638;4.85;5.591;6.332;6.851;7.37;7.921;8.472;8.911;9.35;9.785;10.22;10.655;11.09;11.386;11.682;11.886;12.09;12.38;12.67;12.705;12.75;12.926;13.102;13.102;13.102;13.297;13.492;13.445;13.398;13.351;13.304;13.257;13.21;13.163;13.116;13.069;13.022;12.961;12.9;12.84;12.779;12.718;12.657;12.596;12.536;12.475;12.414;12.311;12.207;12.104;12.001;11.898;11.794;11.691;11.588;11.484;11.381;11.278;11.174;11.071;10.968;10.865;10.761;10.658;10.555;10.451;10.348
80;0;1.213;2.425;3.637;4.85;5.59;6.33;6.855;7.38;7.945;8.51;8.96;9.41;9.855;10.3;10.745;11.19;11.485;11.78;11.975;12.17;12.46;12.75;12.79;12.83;13.005;13.2;13.2;13.2;13.395;13.59;13.541;13.492;13.443;13.394;13.345;13.296;13.247;13.198;13.149;13.1;13.039;12.978;12.917;12.856;12.795;12.734;12.673;12.612;12.551;12.49;12.387;12.284;12.181;12.078;11.975;11.872;11.769;11.666;11.563;11.46;11.357;11.254;11.151;11.048;10.945;10.842;10.739;10.636;10.533;10.43
81;0;1.218;2.435;3.653;4.87;5.611;6.352;6.89;7.428;7.977;8.526;8.993;9.46;9.909;10.358;10.813;11.268;11.564;11.86;12.054;12.248;12.525;12.802;12.859;12.916;13.096;13.298;13.308;13.318;13.504;13.69;13.641;13.592;13.542;13.493;13.444;13.395;13.346;13.296;13.247;13.198;13.139;13.08;13.021;12.962;12.903;12.844;12.785;12.726;12.667;12.608;12.502;12.396;12.291;12.185;12.079;11.973;11.867;11.762;11.656;11.55;11.444;11.338;11.233;11.127;11.021;10.915;10.809;10.704;10.598;10.492
82;0;1.223;2.445;3.667;4.89;5.632;6.374;6.925;7.476;8.009;8.542;9.026;9.51;9.963;10.416;10.881;11.346;11.643;11.94;12.133;12.326;12.59;12.854;12.928;13.002;13.187;13.396;13.416;13.436;13.613;13.79;13.741;13.691;13.642;13.592;13.543;13.494;13.444;13.395;13.345;13.296;13.239;13.182;13.125;13.068;13.011;12.954;12.897;12.84;12.783;12.726;12.617;12.509;12.4;12.292;12.183;12.074;11.966;11.857;11.749;11.64;11.531;11.423;11.314;11.206;11.097;10.988;10.88;10.771;10.663;10.554
83;0;1.228;2.455;3.683;4.91;5.653;6.396;6.96;7.524;8.041;8.558;9.059;9.56;10.017;10.474;10.949;11.424;11.722;12.02;12.212;12.404;12.655;12.906;12.997;13.088;13.278;13.494;13.524;13.554;13.722;13.89;13.84;13.791;13.741;13.692;13.642;13.592;13.543;13.493;13.444;13.394;13.339;13.284;13.229;13.174;13.119;13.064;13.009;12.954;12.899;12.844;12.733;12.621;12.51;12.398;12.287;12.176;12.064;11.953;11.841;11.73;11.619;11.507;11.396;11.284;11.173;11.062;10.95;10.839;10.727;10.616
84;0;1.233;2.465;3.698;4.93;5.674;6.418;6.995;7.572;8.073;8.574;9.092;9.61;10.071;10.532;11.017;11.502;11.801;12.1;12.291;12.482;12.72;12.958;13.066;13.174;13.369;13.592;13.632;13.672;13.831;13.99;13.94;13.89;13.841;13.791;13.741;13.691;13.641;13.592;13.542;13.492;13.439;13.386;13.333;13.28;13.227;13.174;13.121;13.068;13.015;12.962;12.848;12.734;12.619;12.505;12.391;12.277;12.163;12.048;11.934;11.82;11.706;11.592;11.477;11.363;11.249;11.135;11.021;10.906;10.792;10.678
85;0;1.238;2.475;3.713;4.95;5.695;6.44;7.03;7.62;8.105;8.59;9.125;9.66;10.125;10.59;11.085;11.58;11.88;12.18;12.37;12.56;12.785;13.01;13.135;13.26;13.485;13.71;13.74;13.79;13.94;14.09;14.04;13.99;13.94;13.89;13.84;13.79;13.74;13.69;13.64;13.59;13.539;13.488;13.437;13.386;13.335;13.284;13.233;13.182;13.131;13.08;12.963;12.846;12.729;12.612;12.495;12.378;12.261;12.144;12.027;11.91;11.793;11.676;11.559;11.442;11.325;11.208;11.091;10.974;10.857;10.74
86;0;1.238;2.475;3.713;4.95;5.695;6.44;7.036;7.632;8.123;8.614;9.161;9.708;10.189;10.67;11.139;11.608;11.911;12.214;12.417;12.62;12.844;13.068;13.2;13.332;13.561;13.79;13.829;13.888;14.058;14.228;14.178;14.128;14.078;14.028;13.978;13.928;13.878;13.828;13.778;13.728;13.671;13.614;13.556;13.499;13.442;13.385;13.328;13.27;13.213;13.156;13.038;12.92;12.801;12.683;12.565;12.447;12.329;12.21;12.092;11.974;11.856;11.738;11.619;11.501;11.383;11.265;11.147;11.028;10.91;10.792
87;0;1.238;2.475;3.713;4.95;5.695;6.44;7.042;7.644;8.141;8.638;9.197;9.756;10.253;10.75;11.193;11.636;11.942;12.248;12.464;12.68;12.903;13.126;13.265;13.404;13.637;13.87;13.918;13.986;14.176;14.366;14.316;14.266;14.216;14.166;14.116;14.066;14.016;13.966;13.916;13.866;13.803;13.739;13.676;13.612;13.549;13.486;13.422;13.359;13.295;13.232;13.113;12.993;12.874;12.754;12.635;12.516;12.396;12.277;12.157;12.038;11.919;11.799;11.68;11.56;11.441;11.322;11.202;11.083;10.963;10.844
88;0;1.238;2.475;3.713;4.95;5.695;6.44;7.048;7.656;8.159;8.662;9.233;9.804;10.317;10.83;11.247;11.664;11.973;12.282;12.511;12.74;12.962;13.184;13.33;13.476;13.713;13.95;14.007;14.084;14.294;14.504;14.454;14.404;14.354;14.304;14.254;14.204;14.154;14.104;14.054;14.004;13.934;13.865;13.795;13.726;13.656;13.586;13.517;13.447;13.378;13.308;13.187;13.067;12.946;12.826;12.705;12.584;12.464;12.343;12.223;12.102;11.981;11.861;11.74;11.62;11.499;11.378;11.258;11.137;11.017;10.896
89;0;1.238;2.475;3.713;4.95;5.695;6.44;7.054;7.668;8.177;8.686;9.269;9.852;10.381;10.91;11.301;11.692;12.004;12.316;12.558;12.8;13.021;13.242;13.395;13.548;13.789;14.03;14.096;14.182;14.412;14.642;14.592;14.542;14.492;14.442;14.392;14.342;14.292;14.242;14.192;14.142;14.066;13.99;13.915;13.839;13.763;13.687;13.611;13.536;13.46;13.384;13.262;13.14;13.019;12.897;12.775;12.653;12.531;12.41;12.288;12.166;12.044;11.922;11.801;11.679;11.557;11.435;11.313;11.192;11.07;10.948
90;0;1.238;2.475;3.713;4.95;5.695;6.44;7.06;7.68;8.195;8.71;9.305;9.9;10.445;10.99;11.355;11.72;12.035;12.35;12.605;12.86;13.08;13.3;13.46;13.62;13.865;14.11;14.185;14.28;14.53;14.78;14.73;14.68;14.63;14.58;14.53;14.48;14.43;14.38;14.33;14.28;14.198;14.116;14.034;13.952;13.87;13.788;13.706;13.624;13.542;13.46;13.337;13.214;13.091;12.968;12.845;12.722;12.599;12.476;12.353;12.23;12.107;11.984;11.861;11.738;11.615;11.492;11.369;11.246;11.123;11
91;0;1.238;2.475;3.713;4.95;5.695;6.44;7.064;7.688;8.209;8.73;9.325;9.92;10.475;11.03;11.398;11.766;12.061;12.356;12.629;12.902;13.145;13.388;13.554;13.72;13.964;14.208;14.292;14.398;14.638;14.878;14.829;14.78;14.73;14.681;14.632;14.583;14.534;14.484;14.435;14.386;14.303;14.22;14.138;14.055;13.972;13.889;13.806;13.724;13.641;13.558;13.434;13.31;13.187;13.063;12.939;12.815;12.691;12.568;12.444;12.32;12.196;12.072;11.949;11.825;11.701;11.577;11.453;11.33;11.206;11.082
92;0;1.238;2.475;3.713;4.95;5.695;6.44;7.068;7.696;8.223;8.75;9.345;9.94;10.505;11.07;11.441;11.812;12.087;12.362;12.653;12.944;13.21;13.476;13.648;13.82;14.063;14.306;14.404;14.516;14.746;14.976;14.928;14.879;14.831;14.782;14.734;14.686;14.637;14.589;14.54;14.492;14.408;14.325;14.241;14.158;14.074;13.99;13.907;13.823;13.74;13.656;13.531;13.407;13.282;13.158;13.033;12.908;12.784;12.659;12.535;12.41;12.285;12.161;12.036;11.912;11.787;11.662;11.538;11.413;11.289;11.164
93;0;1.238;2.475;3.713;4.95;5.695;6.44;7.072;7.704;8.237;8.77;9.365;9.96;10.535;11.11;11.484;11.858;12.113;12.368;12.677;12.986;13.275;13.564;13.742;13.92;14.162;14.404;14.516;14.634;14.854;15.074;15.026;14.979;14.931;14.884;14.836;14.788;14.741;14.693;14.646;14.598;14.514;14.429;14.345;14.26;14.176;14.092;14.007;13.923;13.838;13.754;13.629;13.503;13.378;13.252;13.127;13.002;12.876;12.751;12.625;12.5;12.375;12.249;12.124;11.998;11.873;11.748;11.622;11.497;11.371;11.246
94;0;1.238;2.475;3.713;4.95;5.695;6.44;7.076;7.712;8.251;8.79;9.385;9.98;10.565;11.15;11.527;11.904;12.139;12.374;12.701;13.028;13.34;13.652;13.836;14.02;14.261;14.502;14.628;14.754;14.962;15.172;15.125;15.078;15.032;14.985;14.938;14.891;14.844;14.798;14.751;14.704;14.619;14.534;14.448;14.363;14.278;14.193;14.108;14.022;13.937;13.852;13.726;13.6;13.473;13.347;13.221;13.095;12.969;12.842;12.716;12.59;12.464;12.338;12.211;12.085;11.959;11.833;11.707;11.58;11.454;11.328
95;0;1.238;2.475;3.713;4.95;5.695;6.44;7.08;7.72;8.265;8.81;9.405;10;10.595;11.19;11.57;11.95;12.165;12.38;12.725;13.07;13.405;13.74;13.93;14.12;14.36;14.6;14.74;14.88;15.07;15.27;15.224;15.178;15.132;15.086;15.04;14.994;14.948;14.902;14.856;14.81;14.724;14.638;14.552;14.466;14.38;14.294;14.208;14.122;14.036;13.95;13.823;13.696;13.569;13.442;13.315;13.188;13.061;12.934;12.807;12.68;12.553;12.426;12.299;12.172;12.045;11.918;11.791;11.664;11.537;11.41
96;0;1.234;2.467;3.701;4.934;5.687;6.44;7.09;7.74;8.28;8.82;9.42;10.02;10.625;11.23;11.602;11.974;12.216;12.458;12.788;13.118;13.458;13.798;13.987;14.176;14.417;14.658;14.809;14.96;15.149;15.348;15.301;15.255;15.208;15.162;15.115;15.068;15.022;14.975;14.929;14.882;14.8;14.719;14.637;14.556;14.474;14.392;14.311;14.229;14.148;14.066;13.938;13.809;13.681;13.553;13.425;13.296;13.168;13.04;12.911;12.783;12.655;12.526;12.398;12.27;12.142;12.013;11.885;11.757;11.628;11.5
97;0;1.23;2.459;3.689;4.918;5.679;6.44;7.1;7.76;8.295;8.83;9.435;10.04;10.655;11.27;11.634;11.998;12.267;12.536;12.851;13.166;13.511;13.856;14.044;14.232;14.474;14.716;14.878;15.04;15.228;15.426;15.379;15.332;15.284;15.237;15.19;15.143;15.096;15.048;15.001;14.954;14.877;14.8;14.722;14.645;14.568;14.491;14.414;14.336;14.259;14.182;14.052;13.923;13.793;13.664;13.534;13.404;13.275;13.145;13.016;12.886;12.756;12.627;12.497;12.368;12.238;12.108;11.979;11.849;11.72;11.59
98;0;1.226;2.451;3.677;4.902;5.671;6.44;7.11;7.78;8.31;8.84;9.45;10.06;10.685;11.31;11.666;12.022;12.318;12.614;12.914;13.214;13.564;13.914;14.101;14.288;14.531;14.774;14.947;15.12;15.307;15.504;15.456;15.408;15.361;15.313;15.265;15.217;15.169;15.122;15.074;15.026;14.953;14.88;14.808;14.735;14.662;14.589;14.516;14.444;14.371;14.298;14.167;14.036;13.905;13.774;13.644;13.513;13.382;13.251;13.12;12.989;12.858;12.727;12.596;12.465;12.335;12.204;12.073;11.942;11.811;11.68
99;0;1.222;2.443;3.665;4.886;5.663;6.44;7.12;7.8;8.325;8.85;9.465;10.08;10.715;11.35;11.698;12.046;12.369;12.692;12.977;13.262;13.617;13.972;14.158;14.344;14.588;14.832;15.016;15.2;15.386;15.582;15.534;15.485;15.437;15.388;15.34;15.292;15.243;15.195;15.146;15.098;15.03;14.961;14.893;14.824;14.756;14.688;14.619;14.551;14.482;14.414;14.282;14.15;14.017;13.885;13.753;13.621;13.489;13.356;13.224;13.092;12.96;12.828;12.695;12.563;12.431;12.299;12.167;12.034;11.902;11.77
100;0;1.218;2.435;3.653;4.87;5.655;6.44;7.13;7.82;8.34;8.86;9.48;10.1;10.745;11.39;11.73;12.07;12.42;12.77;13.04;13.31;13.67;14.03;14.215;14.4;14.645;14.89;15.085;15.28;15.47;15.66;15.611;15.562;15.513;15.464;15.415;15.366;15.317;15.268;15.219;15.17;15.106;15.042;14.978;14.914;14.85;14.786;14.722;14.658;14.594;14.53;14.396;14.263;14.129;13.996;13.862;13.729;13.596;13.462;13.329;13.195;13.061;12.928;12.795;12.661;12.528;12.394;12.261;12.127;11.994;11.86
101;0;1.216;2.432;3.648;4.864;5.642;6.42;7.12;7.82;8.345;8.87;9.485;10.1;10.745;11.39;11.751;12.112;12.461;12.81;13.094;13.378;13.717;14.056;14.259;14.462;14.716;14.97;15.164;15.358;15.548;15.74;15.691;15.642;15.592;15.543;15.494;15.445;15.396;15.346;15.297;15.248;15.184;15.12;15.056;14.992;14.928;14.864;14.8;14.736;14.672;14.608;14.475;14.343;14.21;14.078;13.945;13.812;13.68;13.547;13.415;13.282;13.149;13.017;12.884;12.752;12.619;12.486;12.354;12.221;12.089;11.956
102;0;1.215;2.429;3.644;4.858;5.629;6.4;7.11;7.82;8.35;8.88;9.49;10.1;10.745;11.39;11.772;12.154;12.502;12.85;13.148;13.446;13.764;14.082;14.303;14.524;14.787;15.05;15.243;15.436;15.626;15.82;15.771;15.721;15.672;15.622;15.573;15.524;15.474;15.425;15.375;15.326;15.262;15.198;15.134;15.07;15.006;14.942;14.878;14.814;14.75;14.686;14.554;14.423;14.291;14.159;14.028;13.896;13.764;13.632;13.501;13.369;13.237;13.106;12.974;12.842;12.711;12.579;12.447;12.315;12.184;12.052
103;0;1.213;2.426;3.639;4.852;5.616;6.38;7.1;7.82;8.355;8.89;9.495;10.1;10.745;11.39;11.793;12.196;12.543;12.89;13.202;13.514;13.811;14.108;14.347;14.586;14.858;15.13;15.322;15.514;15.704;15.9;15.85;15.801;15.751;15.702;15.652;15.602;15.553;15.503;15.454;15.404;15.34;15.276;15.212;15.148;15.084;15.02;14.956;14.892;14.828;14.764;14.633;14.502;14.372;14.241;14.11;13.979;13.848;13.718;13.587;13.456;13.325;13.194;13.064;12.933;12.802;12.671;12.54;12.41;12.279;12.148
104;0;1.212;2.423;3.634;4.846;5.603;6.36;7.09;7.82;8.36;8.9;9.5;10.1;10.745;11.39;11.814;12.238;12.584;12.93;13.256;13.582;13.858;14.134;14.391;14.648;14.929;15.21;15.401;15.592;15.782;15.98;15.93;15.88;15.831;15.781;15.731;15.681;15.631;15.582;15.532;15.482;15.418;15.354;15.29;15.226;15.162;15.098;15.034;14.97;14.906;14.842;14.712;14.582;14.452;14.322;14.192;14.063;13.933;13.803;13.673;13.543;13.413;13.283;13.153;13.023;12.894;12.764;12.634;12.504;12.374;12.244
105;0;1.21;2.42;3.63;4.84;5.59;6.34;7.08;7.82;8.365;8.91;9.505;10.1;10.745;11.39;11.835;12.28;12.625;12.97;13.31;13.65;13.905;14.16;14.435;14.71;15;15.29;15.48;15.67;15.86;16.06;16.01;15.96;15.91;15.86;15.81;15.76;15.71;15.66;15.61;15.56;15.496;15.432;15.368;15.304;15.24;15.176;15.112;15.048;14.984;14.92;14.791;14.662;14.533;14.404;14.275;14.146;14.017;13.888;13.759;13.63;13.501;13.372;13.243;13.114;12.985;12.856;12.727;12.598;12.469;12.34
106;0;1.206;2.412;3.618;4.824;5.572;6.32;7.06;7.8;8.355;8.91;9.505;10.1;10.745;11.39;11.854;12.318;12.674;13.03;13.37;13.71;13.972;14.234;14.483;14.732;15.03;15.328;15.548;15.768;15.968;16.176;16.126;16.076;16.027;15.977;15.927;15.877;15.827;15.778;15.728;15.678;15.612;15.546;15.479;15.413;15.347;15.281;15.215;15.148;15.082;15.016;14.888;14.76;14.633;14.505;14.377;14.249;14.121;13.994;13.866;13.738;13.61;13.482;13.355;13.227;13.099;12.971;12.843;12.716;12.588;12.46
107;0;1.202;2.404;3.606;4.808;5.554;6.3;7.04;7.78;8.345;8.91;9.505;10.1;10.745;11.39;11.873;12.356;12.723;13.09;13.43;13.77;14.039;14.308;14.531;14.754;15.06;15.366;15.616;15.866;16.076;16.292;16.242;16.193;16.143;16.094;16.044;15.994;15.945;15.895;15.846;15.796;15.728;15.659;15.591;15.522;15.454;15.386;15.317;15.249;15.18;15.112;14.985;14.859;14.732;14.606;14.479;14.352;14.226;14.099;13.973;13.846;13.719;13.593;13.466;13.34;13.213;13.086;12.96;12.833;12.707;12.58
108;0;1.198;2.396;3.594;4.792;5.536;6.28;7.02;7.76;8.335;8.91;9.505;10.1;10.745;11.39;11.892;12.394;12.772;13.15;13.49;13.83;14.106;14.382;14.579;14.776;15.09;15.404;15.684;15.964;16.184;16.408;16.359;16.309;16.26;16.21;16.161;16.112;16.062;16.013;15.963;15.914;15.843;15.773;15.702;15.632;15.561;15.49;15.42;15.349;15.279;15.208;15.083;14.957;14.832;14.706;14.581;14.456;14.33;14.205;14.079;13.954;13.829;13.703;13.578;13.452;13.327;13.202;13.076;12.951;12.825;12.7
109;0;1.194;2.388;3.582;4.776;5.518;6.26;7;7.74;8.325;8.91;9.505;10.1;10.745;11.39;11.911;12.432;12.821;13.21;13.55;13.89;14.173;14.456;14.627;14.798;15.12;15.442;15.752;16.062;16.292;16.524;16.475;16.426;16.376;16.327;16.278;16.229;16.18;16.13;16.081;16.032;15.959;15.886;15.814;15.741;15.668;15.595;15.522;15.45;15.377;15.304;15.18;15.056;14.931;14.807;14.683;14.559;14.435;14.31;14.186;14.062;13.938;13.814;13.689;13.565;13.441;13.317;13.193;13.068;12.944;12.82
110;0;1.19;2.38;3.57;4.76;5.5;6.24;6.98;7.72;8.315;8.91;9.505;10.1;10.745;11.39;11.93;12.47;12.87;13.27;13.61;13.95;14.24;14.53;14.675;14.82;15.15;15.48;15.82;16.16;16.4;16.64;16.591;16.542;16.493;16.444;16.395;16.346;16.297;16.248;16.199;16.15;16.075;16;15.925;15.85;15.775;15.7;15.625;15.55;15.475;15.4;15.277;15.154;15.031;14.908;14.785;14.662;14.539;14.416;14.293;14.17;14.047;13.924;13.801;13.678;13.555;13.432;13.309;13.186;13.063;12.94
111;0;1.185;2.369;3.554;4.738;5.479;6.22;6.95;7.68;8.285;8.89;9.486;10.082;10.726;11.37;11.92;12.47;12.88;13.29;13.63;13.97;14.268;14.566;14.73;14.894;15.194;15.494;15.837;16.18;16.449;16.718;16.646;16.6;16.553;16.507;16.461;16.415;16.369;16.322;16.276;16.23;16.155;16.08;16.004;15.929;15.854;15.779;15.704;15.628;15.553;15.478;15.356;15.235;15.113;14.992;14.87;14.748;14.627;14.505;14.384;14.262;14.14;14.019;13.897;13.776;13.654;13.532;13.411;13.289;13.168;13.046
112;0;1.179;2.358;3.537;4.716;5.458;6.2;6.92;7.64;8.255;8.87;9.467;10.064;10.707;11.35;11.91;12.47;12.89;13.31;13.65;13.99;14.296;14.602;14.785;14.968;15.238;15.508;15.854;16.2;16.498;16.796;16.701;16.657;16.614;16.57;16.527;16.484;16.44;16.397;16.353;16.31;16.235;16.159;16.084;16.008;15.933;15.858;15.782;15.707;15.631;15.556;15.436;15.316;15.195;15.075;14.955;14.835;14.715;14.594;14.474;14.354;14.234;14.114;13.993;13.873;13.753;13.633;13.513;13.392;13.272;13.152
113;0;1.174;2.347;3.521;4.694;5.437;6.18;6.89;7.6;8.225;8.85;9.448;10.046;10.688;11.33;11.9;12.47;12.9;13.33;13.67;14.01;14.324;14.638;14.84;15.042;15.282;15.522;15.871;16.22;16.547;16.874;16.755;16.715;16.674;16.634;16.593;16.552;16.512;16.471;16.431;16.39;16.314;16.239;16.163;16.088;16.012;15.936;15.861;15.785;15.71;15.634;15.515;15.396;15.278;15.159;15.04;14.921;14.802;14.684;14.565;14.446;14.327;14.208;14.09;13.971;13.852;13.733;13.614;13.496;13.377;13.258
114;0;1.174;2.347;3.521;4.694;5.416;6.16;6.86;7.56;8.195;8.83;9.429;10.028;10.669;11.31;11.89;12.47;12.91;13.35;13.69;14.03;14.352;14.674;14.895;15.116;15.326;15.536;15.888;16.24;16.596;16.952;16.81;16.772;16.735;16.697;16.659;16.621;16.583;16.546;16.508;16.47;16.394;16.318;16.243;16.167;16.091;16.015;15.939;15.864;15.788;15.712;15.595;15.477;15.36;15.242;15.125;15.008;14.89;14.773;14.655;14.538;14.421;14.303;14.186;14.068;13.951;13.834;13.716;13.599;13.481;13.364
115;0;1.175;2.35;3.525;4.7;5.435;6.17;6.83;7.52;8.165;8.81;9.41;10.01;10.65;11.29;11.88;12.47;12.92;13.37;13.71;14.05;14.38;14.71;14.95;15.19;15.37;15.55;15.905;16.26;16.645;17.03;16.865;16.83;16.795;16.76;16.725;16.69;16.655;16.62;16.585;16.55;16.474;16.398;16.322;16.246;16.17;16.094;16.018;15.942;15.866;15.79;15.674;15.558;15.442;15.326;15.21;15.094;14.978;14.862;14.746;14.63;14.514;14.398;14.282;14.166;14.05;13.934;13.818;13.702;13.586;13.47
116;0;1.166;2.332;3.498;4.664;5.41;6.156;6.798;7.48;8.125;8.77;9.359;9.948;10.599;11.25;11.851;12.452;12.901;13.35;13.701;14.052;14.373;14.694;14.957;15.22;15.418;15.616;15.927;16.238;16.664;17.09;16.855;16.822;16.79;16.757;16.724;16.691;16.658;16.626;16.593;16.56;16.489;16.418;16.346;16.275;16.204;16.133;16.062;15.99;15.919;15.848;15.733;15.618;15.502;15.387;15.272;15.157;15.042;14.926;14.811;14.696;14.581;14.466;14.35;14.235;14.12;14.005;13.89;13.774;13.659;13.544
117;0;1.157;2.314;3.471;4.628;5.385;6.142;6.78;7.44;8.085;8.73;9.308;9.886;10.548;11.21;11.822;12.434;12.882;13.33;13.692;14.054;14.366;14.678;14.964;15.25;15.466;15.682;15.949;16.216;16.683;17.15;16.878;16.815;16.784;16.754;16.723;16.692;16.662;16.631;16.601;16.57;16.504;16.437;16.371;16.304;16.238;16.172;16.105;16.039;15.972;15.906;15.792;15.677;15.563;15.448;15.334;15.22;15.105;14.991;14.876;14.762;14.648;14.533;14.419;14.304;14.19;14.076;13.961;13.847;13.732;13.618
118;0;1.148;2.296;3.444;4.592;5.36;6.128;6.77;7.412;8.045;8.69;9.257;9.824;10.497;11.17;11.793;12.416;12.863;13.31;13.683;14.056;14.359;14.662;14.971;15.28;15.514;15.748;15.971;16.194;16.702;17.21;16.961;16.828;16.779;16.75;16.722;16.694;16.665;16.637;16.608;16.58;16.518;16.457;16.395;16.334;16.272;16.21;16.149;16.087;16.026;15.964;15.85;15.737;15.623;15.51;15.396;15.282;15.169;15.055;14.942;14.828;14.714;14.601;14.487;14.374;14.26;14.146;14.033;13.919;13.806;13.692
119;0;1.139;2.278;3.417;4.556;5.335;6.114;6.76;7.406;8.016;8.65;9.206;9.762;10.446;11.13;11.764;12.398;12.844;13.29;13.674;14.058;14.352;14.646;14.978;15.31;15.562;15.814;15.993;16.172;16.721;17.27;17.044;16.876;16.808;16.747;16.721;16.695;16.669;16.642;16.616;16.59;16.533;16.476;16.42;16.363;16.306;16.249;16.192;16.136;16.079;16.022;15.909;15.796;15.684;15.571;15.458;15.345;15.232;15.12;15.007;14.894;14.781;14.668;14.556;14.443;14.33;14.217;14.104;13.992;13.879;13.766
120;0;1.13;2.26;3.39;4.52;5.31;6.1;6.75;7.4;8.04;8.68;9.16;9.7;10.395;11.09;11.735;12.38;12.825;13.27;13.665;14.06;14.345;14.63;14.985;15.34;15.61;15.88;16.015;16.15;16.74;17.33;17.127;16.924;16.851;16.778;16.72;16.696;16.672;16.648;16.624;16.6;16.548;16.496;16.444;16.392;16.34;16.288;16.236;16.184;16.132;16.08;15.968;15.856;15.744;15.632;15.52;15.408;15.296;15.184;15.072;14.96;14.848;14.736;14.624;14.512;14.4;14.288;14.176;14.064;13.952;13.84
121;0;1.119;2.238;3.357;4.476;5.278;6.08;6.72;7.36;8.002;8.644;9.128;9.64;10.345;11.05;11.705;12.36;12.805;13.25;13.654;14.058;14.353;14.648;15;15.352;15.636;15.92;16.046;16.172;16.731;17.29;17.11;16.93;16.827;16.759;16.691;16.644;16.635;16.627;16.618;16.61;16.553;16.496;16.439;16.382;16.325;16.268;16.211;16.154;16.097;16.04;15.932;15.824;15.716;15.608;15.501;15.393;15.285;15.177;15.069;14.961;14.853;14.745;14.637;14.529;14.422;14.314;14.206;14.098;13.99;13.882
122;0;1.108;2.216;3.324;4.432;5.246;6.06;6.69;7.32;7.964;8.608;9.096;9.584;10.295;11.01;11.675;12.34;12.785;13.23;13.643;14.056;14.361;14.666;15.015;15.364;15.662;15.96;16.077;16.194;16.722;17.25;17.093;16.936;16.804;16.74;16.677;16.614;16.598;16.606;16.613;16.62;16.558;16.496;16.434;16.372;16.31;16.248;16.186;16.124;16.062;16;15.896;15.792;15.689;15.585;15.481;15.377;15.273;15.17;15.066;14.962;14.858;14.754;14.651;14.547;14.443;14.339;14.235;14.132;14.028;13.924
123;0;1.097;2.194;3.291;4.388;5.214;6.04;6.66;7.28;7.926;8.572;9.064;9.556;10.245;10.97;11.645;12.32;12.765;13.21;13.632;14.054;14.369;14.684;15.03;15.376;15.688;16;16.108;16.216;16.713;17.21;17.076;16.942;16.808;16.722;16.663;16.604;16.562;16.584;16.607;16.63;16.563;16.496;16.429;16.362;16.295;16.228;16.161;16.094;16.027;15.96;15.86;15.761;15.661;15.561;15.462;15.362;15.262;15.162;15.063;14.963;14.863;14.764;14.664;14.564;14.465;14.365;14.265;14.165;14.066;13.966
124;0;1.086;2.172;3.258;4.344;5.182;6.02;6.63;7.24;7.888;8.536;9.032;9.528;10.228;10.93;11.615;12.3;12.745;13.19;13.621;14.052;14.377;14.702;15.045;15.388;15.714;16.04;16.139;16.238;16.704;17.17;17.059;16.948;16.837;16.726;16.649;16.595;16.541;16.563;16.602;16.64;16.568;16.496;16.424;16.352;16.28;16.208;16.136;16.064;15.992;15.92;15.824;15.729;15.633;15.538;15.442;15.346;15.251;15.155;15.06;14.964;14.868;14.773;14.677;14.582;14.486;14.39;14.295;14.199;14.104;14.008
125;0;1.075;2.15;3.225;4.3;5.15;6;6.6;7.2;7.85;8.5;9;9.5;10.245;10.99;11.625;12.28;12.725;13.17;13.61;14.05;14.385;14.72;15.06;15.4;15.74;16.08;16.17;16.26;16.695;17.13;17.042;16.954;16.866;16.778;16.69;16.602;16.537;16.542;16.596;16.65;16.573;16.496;16.419;16.342;16.265;16.188;16.111;16.034;15.957;15.88;15.789;15.697;15.606;15.514;15.423;15.331;15.24;15.148;15.057;14.965;14.874;14.782;14.691;14.599;14.508;14.416;14.325;14.233;14.142;14.05
126;0;1.06;2.12;3.18;4.24;5.1;5.96;6.57;7.18;7.81;8.44;8.957;9.474;10.213;10.952;11.58;12.208;12.673;13.15;13.59;14.03;14.375;14.72;15.07;15.42;15.76;16.1;16.17;16.24;16.666;17.092;17.012;16.932;16.853;16.773;16.693;16.613;16.533;16.491;16.56;16.63;16.549;16.468;16.388;16.307;16.226;16.145;16.064;15.984;15.903;15.822;15.734;15.647;15.56;15.472;15.385;15.297;15.21;15.122;15.035;14.947;14.86;14.772;14.685;14.597;14.51;14.422;14.335;14.247;14.16;14.072
127;0;1.045;2.09;3.135;4.18;5.05;5.92;6.54;7.16;7.77;8.38;8.914;9.448;10.181;10.914;11.535;12.156;12.621;13.13;13.57;14.01;14.365;14.72;15.08;15.44;15.78;16.12;16.17;16.22;16.637;17.054;16.982;16.911;16.839;16.768;16.696;16.624;16.553;16.481;16.525;16.61;16.525;16.441;16.356;16.272;16.187;16.102;16.018;15.933;15.849;15.764;15.681;15.597;15.514;15.43;15.347;15.263;15.18;15.096;15.013;14.929;14.846;14.762;14.679;14.595;14.512;14.428;14.345;14.261;14.178;14.094
128;0;1.03;2.06;3.09;4.12;5;5.88;6.51;7.14;7.73;8.32;8.871;9.422;10.149;10.876;11.49;12.104;12.572;13.11;13.55;13.99;14.355;14.72;15.09;15.46;15.8;16.14;16.17;16.2;16.608;17.016;16.953;16.889;16.826;16.762;16.699;16.636;16.572;16.509;16.489;16.59;16.502;16.413;16.325;16.236;16.148;16.06;15.971;15.883;15.794;15.706;15.626;15.547;15.468;15.388;15.309;15.229;15.15;15.07;14.991;14.911;14.832;14.752;14.673;14.593;14.514;14.434;14.355;14.275;14.196;14.116
129;0;1.015;2.03;3.045;4.06;4.95;5.84;6.48;7.12;7.69;8.26;8.828;9.396;10.117;10.838;11.445;12.052;12.586;13.12;13.53;13.97;14.345;14.72;15.1;15.48;15.82;16.16;16.17;16.18;16.579;16.978;16.923;16.868;16.812;16.757;16.702;16.647;16.592;16.536;16.481;16.57;16.478;16.386;16.293;16.201;16.109;16.017;15.925;15.832;15.74;15.648;15.572;15.497;15.421;15.346;15.271;15.195;15.12;15.044;14.969;14.893;14.818;14.742;14.667;14.591;14.516;14.44;14.365;14.289;14.214;14.138
130;0;1;2;3;4;4.9;5.8;6.45;7.1;7.65;8.2;8.785;9.37;10.085;10.8;11.4;12;12.6;13.2;13.51;13.95;14.335;14.72;15.11;15.5;15.84;16.18;16.17;16.16;16.55;16.94;16.893;16.846;16.799;16.752;16.705;16.658;16.611;16.564;16.517;16.55;16.454;16.358;16.262;16.166;16.07;15.974;15.878;15.782;15.686;15.59;15.519;15.447;15.376;15.304;15.232;15.161;15.09;15.018;14.947;14.875;14.804;14.732;14.66;14.589;14.518;14.446;14.375;14.303;14.232;14.16
131;0;0.985;1.97;2.955;3.94;4.83;5.72;6.39;7.06;7.58;8.1;8.688;9.276;9.988;10.7;11.27;11.84;12.48;13.12;13.427;13.882;14.291;14.7;15.09;15.48;15.83;16.18;16.16;16.14;16.53;16.92;16.873;16.826;16.779;16.732;16.685;16.638;16.591;16.544;16.497;16.53;16.434;16.338;16.243;16.147;16.051;15.955;15.859;15.764;15.668;15.572;15.501;15.429;15.358;15.286;15.215;15.143;15.072;15;14.929;14.857;14.786;14.714;14.643;14.571;14.5;14.428;14.357;14.285;14.214;14.142
132;0;0.97;1.94;2.91;3.88;4.76;5.64;6.33;7.02;7.51;8;8.591;9.182;9.891;10.6;11.14;11.68;12.36;13.04;13.344;13.814;14.247;14.68;15.07;15.46;15.82;16.18;16.15;16.12;16.51;16.9;16.853;16.806;16.759;16.712;16.665;16.618;16.571;16.524;16.477;16.51;16.414;16.319;16.223;16.128;16.032;15.936;15.841;15.745;15.65;15.554;15.482;15.411;15.34;15.268;15.197;15.125;15.053;14.982;14.911;14.839;14.767;14.696;14.625;14.553;14.482;14.41;14.339;14.267;14.196;14.124
133;0;0.955;1.91;2.865;3.82;4.69;5.56;6.27;6.98;7.44;7.9;8.494;9.088;9.794;10.5;11.01;11.52;12.24;12.96;13.261;13.746;14.203;14.66;15.05;15.44;15.81;16.18;16.14;16.1;16.49;16.88;16.833;16.786;16.739;16.692;16.645;16.598;16.551;16.504;16.457;16.49;16.395;16.299;16.204;16.108;16.013;15.918;15.822;15.727;15.631;15.536;15.465;15.393;15.321;15.25;15.179;15.107;15.036;14.964;14.893;14.821;14.75;14.678;14.607;14.535;14.464;14.392;14.321;14.249;14.178;14.106
134;0;0.94;1.88;2.82;3.76;4.62;5.48;6.21;6.94;7.37;7.8;8.397;8.994;9.697;10.4;10.88;11.36;12.12;12.88;13.178;13.678;14.159;14.64;15.03;15.42;15.8;16.18;16.13;16.08;16.47;16.86;16.813;16.766;16.719;16.672;16.625;16.578;16.531;16.484;16.437;16.47;16.375;16.28;16.184;16.089;15.994;15.899;15.804;15.708;15.613;15.518;15.446;15.375;15.303;15.232;15.161;15.089;15.018;14.946;14.875;14.803;14.731;14.66;14.589;14.517;14.446;14.374;14.303;14.231;14.16;14.088
135;0;0.925;1.85;2.775;3.7;4.55;5.4;6.15;6.9;7.3;7.7;8.3;8.9;9.6;10.3;10.75;11.2;12;12.8;13.1;13.61;14.115;14.62;15.01;15.4;15.79;16.18;16.12;16.06;16.45;16.84;16.793;16.746;16.699;16.652;16.605;16.558;16.511;16.464;16.417;16.45;16.355;16.26;16.165;16.07;15.975;15.88;15.785;15.69;15.595;15.5;15.429;15.357;15.285;15.214;15.143;15.071;15;14.928;14.857;14.785;14.714;14.642;14.571;14.499;14.428;14.356;14.285;14.213;14.142;14.07
136;0;0.905;1.81;2.715;3.62;4.46;5.3;6.08;6.86;7.23;7.6;8.2;8.8;9.489;10.178;10.629;11.08;11.87;12.66;12.953;13.434;13.958;14.488;14.895;15.302;15.698;16.094;16.067;16.04;16.44;16.84;16.793;16.746;16.699;16.652;16.605;16.558;16.511;16.464;16.417;16.45;16.355;16.26;16.165;16.07;15.975;15.88;15.785;15.69;15.595;15.5;15.426;15.352;15.278;15.204;15.13;15.055;14.981;14.907;14.833;14.759;14.685;14.611;14.537;14.463;14.389;14.314;14.24;14.166;14.092;14.018
137;0;0.885;1.77;2.655;3.54;4.37;5.2;6.01;6.82;7.16;7.5;8.1;8.7;9.378;10.056;10.508;10.96;11.74;12.52;12.806;13.278;13.831;14.384;14.797;15.21;15.606;16.008;16.014;16.02;16.43;16.84;16.793;16.746;16.699;16.652;16.605;16.558;16.511;16.464;16.417;16.45;16.355;16.26;16.165;16.07;15.975;15.88;15.785;15.69;15.595;15.5;15.423;15.347;15.27;15.193;15.117;15.04;14.963;14.886;14.81;14.733;14.656;14.58;14.503;14.426;14.35;14.273;14.196;14.119;14.043;13.966
138;0;0.865;1.73;2.595;3.46;4.28;5.1;5.94;6.78;7.09;7.4;8;8.6;9.267;9.934;10.387;10.84;11.61;12.38;12.659;13.122;13.704;14.286;14.708;15.13;15.523;15.922;15.961;16;16.42;16.84;16.793;16.746;16.699;16.652;16.605;16.558;16.511;16.464;16.417;16.45;16.355;16.26;16.165;16.07;15.975;15.88;15.785;15.69;15.595;15.5;15.421;15.341;15.262;15.183;15.104;15.024;14.945;14.866;14.786;14.707;14.628;14.548;14.469;14.39;14.311;14.231;14.152;14.073;13.993;13.914
139;0;0.845;1.69;2.535;3.38;4.19;5;5.87;6.74;7.02;7.3;7.9;8.5;9.156;9.812;10.266;10.72;11.48;12.24;12.512;12.966;13.577;14.188;14.619;15.05;15.444;15.838;15.909;15.98;16.41;16.84;16.793;16.746;16.699;16.652;16.605;16.558;16.511;16.464;16.417;16.45;16.355;16.26;16.165;16.07;15.975;15.88;15.785;15.69;15.595;15.5;15.418;15.336;15.254;15.172;15.091;15.009;14.927;14.845;14.763;14.681;14.599;14.517;14.435;14.353;14.272;14.19;14.108;14.026;13.944;13.862
140;0;0.825;1.65;2.475;3.3;4.1;4.9;5.8;6.7;6.95;7.2;7.8;8.4;9.045;9.69;10.145;10.6;11.35;12.1;12.365;12.81;13.45;14.09;14.53;14.97;15.365;15.76;15.86;15.96;16.4;16.84;16.801;16.762;16.723;16.684;16.645;16.606;16.567;16.528;16.489;16.45;16.355;16.26;16.165;16.07;15.975;15.88;15.785;15.69;15.595;15.5;15.416;15.331;15.247;15.162;15.078;14.993;14.909;14.824;14.74;14.655;14.571;14.486;14.402;14.317;14.233;14.148;14.064;13.979;13.895;13.81
141;0;0.81;1.62;2.43;3.24;4.03;4.82;5.726;6.632;6.876;7.12;7.715;8.31;8.941;9.572;10.036;10.5;11.2;11.9;12.187;12.652;13.302;13.952;14.402;14.852;15.266;15.68;15.82;15.96;16.391;16.822;16.781;16.74;16.698;16.657;16.616;16.575;16.534;16.492;16.451;16.41;16.319;16.228;16.137;16.046;15.955;15.864;15.773;15.682;15.591;15.5;15.413;15.326;15.239;15.152;15.065;14.977;14.89;14.803;14.716;14.629;14.542;14.455;14.368;14.281;14.194;14.106;14.019;13.932;13.845;13.758
142;0;0.795;1.59;2.385;3.18;3.96;4.74;5.652;6.564;6.802;7.04;7.63;8.22;8.837;9.454;9.927;10.4;11.05;11.7;12.009;12.494;13.154;13.814;14.274;14.734;15.167;15.6;15.78;15.96;16.382;16.804;16.761;16.717;16.674;16.63;16.587;16.544;16.5;16.457;16.413;16.37;16.283;16.196;16.109;16.022;15.935;15.848;15.761;15.674;15.587;15.5;15.41;15.321;15.231;15.141;15.052;14.962;14.872;14.782;14.693;14.603;14.513;14.424;14.334;14.244;14.154;14.065;13.975;13.885;13.796;13.706
143;0;0.78;1.56;2.34;3.12;3.89;4.66;5.578;6.496;6.728;6.96;7.545;8.13;8.733;9.336;9.818;10.3;10.9;11.5;11.831;12.336;13.006;13.676;14.146;14.616;15.068;15.52;15.74;15.96;16.373;16.786;16.74;16.695;16.649;16.604;16.558;16.512;16.467;16.421;16.376;16.33;16.247;16.164;16.081;15.998;15.915;15.832;15.749;15.666;15.583;15.5;15.408;15.315;15.223;15.131;15.039;14.946;14.854;14.762;14.669;14.577;14.485;14.392;14.3;14.208;14.116;14.023;13.931;13.839;13.746;13.654
144;0;0.765;1.53;2.295;3.06;3.82;4.58;5.504;6.428;6.654;6.88;7.46;8.04;8.629;9.218;9.709;10.2;10.75;11.3;11.653;12.178;12.858;13.538;14.018;14.498;14.969;15.44;15.7;15.96;16.364;16.768;16.72;16.672;16.625;16.577;16.529;16.481;16.433;16.386;16.338;16.29;16.211;16.132;16.053;15.974;15.895;15.816;15.737;15.658;15.579;15.5;15.405;15.31;15.215;15.12;15.026;14.931;14.836;14.741;14.646;14.551;14.456;14.361;14.266;14.171;14.077;13.982;13.887;13.792;13.697;13.602
145;0;0.75;1.5;2.25;3;3.75;4.5;5.43;6.36;6.58;6.8;7.375;7.95;8.525;9.1;9.6;10.1;10.6;11.1;11.475;12.02;12.71;13.4;13.89;14.38;14.87;15.36;15.66;15.96;16.355;16.75;16.7;16.65;16.6;16.55;16.5;16.45;16.4;16.35;16.3;16.25;16.175;16.1;16.025;15.95;15.875;15.8;15.725;15.65;15.575;15.5;15.403;15.305;15.208;15.11;15.013;14.915;14.818;14.72;14.623;14.525;14.428;14.33;14.233;14.135;14.038;13.94;13.843;13.745;13.648;13.55
146;0;0.73;1.46;2.19;2.92;3.67;4.42;5.344;6.268;6.484;6.7;7.25;7.8;8.37;8.94;9.45;9.96;10.46;10.96;11.337;11.882;12.562;13.242;13.732;14.222;14.727;15.232;15.556;15.88;16.295;16.71;16.66;16.61;16.561;16.511;16.461;16.411;16.361;16.312;16.262;16.212;16.137;16.062;15.986;15.911;15.836;15.761;15.686;15.61;15.535;15.46;15.357;15.255;15.152;15.05;14.947;14.844;14.742;14.639;14.537;14.434;14.331;14.229;14.126;14.024;13.921;13.818;13.716;13.613;13.511;13.408
147;0;0.71;1.42;2.13;2.84;3.59;4.34;5.258;6.176;6.388;6.6;7.125;7.65;8.215;8.78;9.3;9.82;10.32;10.82;11.199;11.744;12.414;13.084;13.574;14.064;14.584;15.104;15.452;15.8;16.235;16.67;16.62;16.571;16.521;16.472;16.422;16.372;16.323;16.273;16.224;16.174;16.099;16.023;15.948;15.872;15.797;15.722;15.646;15.571;15.495;15.42;15.312;15.205;15.097;14.989;14.882;14.774;14.666;14.558;14.451;14.343;14.235;14.128;14.02;13.912;13.805;13.697;13.589;13.481;13.374;13.266
148;0;0.69;1.38;2.07;2.76;3.51;4.26;5.172;6.084;6.292;6.5;7;7.5;8.06;8.62;9.15;9.68;10.18;10.68;11.061;11.606;12.266;12.926;13.416;13.906;14.441;14.976;15.348;15.72;16.175;16.63;16.581;16.531;16.482;16.432;16.383;16.334;16.284;16.235;16.185;16.136;16.06;15.985;15.909;15.834;15.758;15.682;15.607;15.531;15.456;15.38;15.267;15.154;15.042;14.929;14.816;14.703;14.59;14.478;14.365;14.252;14.139;14.026;13.914;13.801;13.688;13.575;13.462;13.35;13.237;13.124
149;0;0.67;1.34;2.01;2.68;3.43;4.18;5.086;5.992;6.196;6.4;6.875;7.35;7.905;8.46;9;9.54;10.04;10.54;10.923;11.468;12.118;12.768;13.258;13.748;14.298;14.848;15.244;15.64;16.115;16.59;16.541;16.492;16.442;16.393;16.344;16.295;16.246;16.196;16.147;16.098;16.022;15.946;15.871;15.795;15.719;15.643;15.567;15.492;15.416;15.34;15.222;15.104;14.986;14.868;14.751;14.633;14.515;14.397;14.279;14.161;14.043;13.925;13.807;13.689;13.572;13.454;13.336;13.218;13.1;12.982
150;0;0.65;1.3;1.95;2.6;3.35;4.1;5;5.9;6.1;6.3;6.75;7.2;7.75;8.3;8.85;9.4;9.9;10.4;10.785;11.33;11.97;12.61;13.1;13.59;14.155;14.72;15.14;15.56;16.055;16.55;16.501;16.452;16.403;16.354;16.305;16.256;16.207;16.158;16.109;16.06;15.984;15.908;15.832;15.756;15.68;15.604;15.528;15.452;15.376;15.3;15.177;15.054;14.931;14.808;14.685;14.562;14.439;14.316;14.193;14.07;13.947;13.824;13.701;13.578;13.455;13.332;13.209;13.086;12.963;12.84
151;0;0.63;1.26;1.89;2.52;3.25;3.98;4.882;5.784;5.982;6.18;6.62;7.06;7.59;8.12;8.66;9.2;9.7;10.2;10.559;11.074;11.704;12.334;12.834;13.334;13.934;14.534;14.969;15.404;15.888;16.372;16.323;16.274;16.225;16.176;16.127;16.078;16.029;15.98;15.931;15.882;15.792;15.72;15.649;15.577;15.505;15.433;15.361;15.29;15.218;15.146;15.02;14.894;14.769;14.643;14.517;14.391;14.265;14.14;14.014;13.888;13.762;13.636;13.511;13.385;13.259;13.133;13.007;12.882;12.756;12.63
152;0;0.61;1.22;1.83;2.44;3.15;3.86;4.764;5.668;5.864;6.06;6.49;6.92;7.43;7.94;8.47;9;9.5;10;10.333;10.818;11.438;12.058;12.568;13.078;13.713;14.348;14.798;15.248;15.721;16.194;16.145;16.096;16.047;15.998;15.949;15.9;15.851;15.802;15.753;15.704;15.6;15.533;15.465;15.398;15.33;15.262;15.195;15.127;15.06;14.992;14.863;14.735;14.606;14.478;14.349;14.22;14.092;13.963;13.835;13.706;13.577;13.449;13.32;13.192;13.063;12.934;12.806;12.677;12.549;12.42
153;0;0.59;1.18;1.77;2.36;3.05;3.74;4.646;5.552;5.746;5.94;6.36;6.78;7.27;7.76;8.28;8.8;9.3;9.8;10.107;10.562;11.172;11.782;12.302;12.822;13.492;14.162;14.627;15.092;15.554;16.016;15.967;15.918;15.869;15.82;15.771;15.722;15.673;15.624;15.575;15.526;15.409;15.345;15.282;15.218;15.155;15.092;15.028;14.965;14.901;14.838;14.707;14.575;14.444;14.312;14.181;14.05;13.918;13.787;13.655;13.524;13.393;13.261;13.13;12.998;12.867;12.736;12.604;12.473;12.341;12.21
154;0;0.57;1.14;1.71;2.28;2.95;3.62;4.528;5.436;5.628;5.82;6.23;6.64;7.11;7.58;8.09;8.6;9.1;9.6;9.881;10.306;10.906;11.506;12.036;12.566;13.271;13.976;14.456;14.936;15.387;15.838;15.789;15.74;15.691;15.642;15.593;15.544;15.495;15.446;15.397;15.348;15.217;15.158;15.098;15.039;14.98;14.921;14.862;14.802;14.743;14.684;14.55;14.416;14.281;14.147;14.013;13.879;13.745;13.61;13.476;13.342;13.208;13.074;12.939;12.805;12.671;12.537;12.403;12.268;12.134;12
155;0;0.55;1.1;1.65;2.2;2.85;3.5;4.41;5.32;5.51;5.7;6.1;6.5;6.95;7.4;7.9;8.4;8.9;9.4;9.655;10.05;10.64;11.23;11.77;12.31;13.05;13.79;14.285;14.78;15.22;15.66;15.611;15.562;15.513;15.464;15.415;15.366;15.317;15.268;15.219;15.17;15.025;14.97;14.915;14.86;14.805;14.75;14.695;14.64;14.585;14.53;14.393;14.256;14.119;13.982;13.845;13.708;13.571;13.434;13.297;13.16;13.023;12.886;12.749;12.612;12.475;12.338;12.201;12.064;11.927;11.79
156;0;0.535;1.07;1.605;2.14;2.78;3.42;4.309;5.198;5.389;5.58;5.99;6.4;6.83;7.26;7.75;8.24;8.738;9.236;9.465;9.832;10.383;10.934;11.465;11.996;12.735;13.474;13.959;14.444;14.895;15.346;15.299;15.252;15.204;15.157;15.11;15.063;15.016;14.968;14.921;14.874;14.686;14.637;14.587;14.538;14.488;14.438;14.389;14.339;14.29;14.24;14.104;13.969;13.833;13.697;13.562;13.426;13.29;13.154;13.019;12.883;12.747;12.612;12.476;12.34;12.205;12.069;11.933;11.797;11.662;11.526
157;0;0.52;1.04;1.56;2.08;2.71;3.34;4.208;5.076;5.268;5.46;5.88;6.3;6.71;7.12;7.6;8.08;8.576;9.072;9.275;9.614;10.126;10.638;11.16;11.682;12.42;13.158;13.633;14.108;14.57;15.032;14.987;14.941;14.896;14.85;14.805;14.76;14.714;14.669;14.623;14.578;14.35;14.304;14.259;14.215;14.171;14.127;14.083;14.038;13.994;13.95;13.816;13.681;13.547;13.412;13.278;13.144;13.009;12.875;12.74;12.606;12.472;12.337;12.203;12.068;11.934;11.8;11.665;11.531;11.396;11.262
158;0;0.505;1.01;1.515;2.02;2.64;3.26;4.107;4.954;5.147;5.34;5.77;6.2;6.59;6.98;7.45;7.92;8.414;8.908;9.085;9.396;9.869;10.342;10.855;11.368;12.105;12.842;13.307;13.772;14.245;14.718;14.674;14.631;14.587;14.544;14.5;14.456;14.413;14.369;14.326;14.282;14.057;13.97;13.932;13.893;13.854;13.815;13.776;13.738;13.699;13.66;13.527;13.394;13.261;13.128;12.995;12.861;12.728;12.595;12.462;12.329;12.196;12.063;11.93;11.797;11.664;11.53;11.397;11.264;11.131;10.998
159;0;0.49;0.98;1.47;1.96;2.57;3.18;4.006;4.832;5.026;5.22;5.66;6.1;6.47;6.84;7.3;7.76;8.252;8.744;8.895;9.178;9.612;10.046;10.55;11.054;11.79;12.526;12.981;13.436;13.92;14.404;14.362;14.32;14.279;14.237;14.195;14.153;14.111;14.07;14.028;13.986;13.765;13.637;13.604;13.57;13.537;13.504;13.47;13.437;13.403;13.37;13.238;13.106;12.975;12.843;12.711;12.579;12.447;12.316;12.184;12.052;11.92;11.788;11.657;11.525;11.393;11.261;11.129;10.998;10.866;10.734
160;0;0.475;0.95;1.425;1.9;2.5;3.1;3.905;4.71;4.905;5.1;5.55;6;6.35;6.7;7.15;7.6;8.09;8.58;8.705;8.96;9.355;9.75;10.245;10.74;11.475;12.21;12.655;13.1;13.595;14.09;14.05;14.01;13.97;13.93;13.89;13.85;13.81;13.77;13.73;13.69;13.473;13.304;13.276;13.248;13.22;13.192;13.164;13.136;13.108;13.08;12.95;12.819;12.689;12.558;12.428;12.297;12.167;12.036;11.906;11.775;11.645;11.514;11.384;11.253;11.123;10.992;10.862;10.731;10.601;10.47
161;0;0.467;0.935;1.403;1.87;2.457;3.045;3.832;4.619;4.815;5.01;5.453;5.895;6.24;6.585;7.028;7.47;7.948;8.426;8.555;8.813;9.198;9.583;10.067;10.553;11.268;11.984;12.421;12.859;13.351;13.843;13.804;13.765;13.725;13.686;13.646;13.607;13.567;13.528;13.488;13.449;13.236;13.023;12.977;12.954;12.93;12.906;12.883;12.86;12.836;12.813;12.686;12.559;12.432;12.306;12.179;12.052;11.925;11.799;11.672;11.545;11.419;11.292;11.165;11.038;10.912;10.785;10.658;10.531;10.405;10.278
162;0;0.46;0.92;1.38;1.84;2.415;2.99;3.76;4.529;4.725;4.92;5.355;5.79;6.13;6.47;6.905;7.34;7.806;8.272;8.406;8.665;9.04;9.415;9.89;10.365;11.061;11.757;12.187;12.617;13.107;13.597;13.558;13.519;13.48;13.441;13.403;13.364;13.325;13.286;13.247;13.208;12.999;12.79;12.678;12.659;12.64;12.621;12.602;12.583;12.564;12.545;12.422;12.299;12.176;12.053;11.93;11.807;11.684;11.561;11.438;11.316;11.193;11.07;10.947;10.824;10.701;10.578;10.455;10.332;10.209;10.086
163;0;0.453;0.905;1.358;1.81;2.373;2.935;3.687;4.438;4.634;4.83;5.258;5.685;6.02;6.355;6.783;7.21;7.664;8.118;8.256;8.518;8.883;9.247;9.713;10.178;10.854;11.531;11.953;12.375;12.863;13.351;13.312;13.274;13.235;13.197;13.159;13.12;13.082;13.044;13.005;12.967;12.762;12.557;12.379;12.365;12.35;12.336;12.321;12.307;12.292;12.278;12.158;12.039;11.92;11.801;11.682;11.562;11.443;11.324;11.205;11.086;10.967;10.847;10.728;10.609;10.49;10.371;10.252;10.132;10.013;9.894
164;0;0.445;0.89;1.335;1.78;2.33;2.88;3.614;4.348;4.544;4.74;5.16;5.58;5.91;6.24;6.66;7.08;7.522;7.964;8.107;8.37;8.725;9.08;9.535;9.99;10.647;11.304;11.719;12.134;12.619;13.104;13.066;13.028;12.991;12.953;12.915;12.877;12.839;12.802;12.764;12.726;12.525;12.324;12.124;12.07;12.06;12.05;12.04;12.03;12.02;12.01;11.895;11.779;11.664;11.548;11.433;11.318;11.202;11.087;10.971;10.856;10.741;10.625;10.51;10.394;10.279;10.164;10.048;9.933;9.817;9.702
165;0;0.437;0.875;1.313;1.75;2.288;2.825;3.541;4.257;4.454;4.65;5.062;5.475;5.8;6.125;6.538;6.95;7.38;7.81;7.958;8.223;8.568;8.913;9.358;9.803;10.44;11.078;11.485;11.892;12.375;12.857;12.82;12.783;12.746;12.709;12.671;12.634;12.597;12.56;12.522;12.485;12.288;12.092;11.895;11.776;11.77;11.765;11.759;11.753;11.748;11.743;11.631;11.519;11.408;11.296;11.184;11.073;10.961;10.85;10.738;10.626;10.515;10.403;10.291;10.18;10.068;9.957;9.845;9.733;9.622;9.51
166;0;0.43;0.86;1.29;1.72;2.245;2.77;3.469;4.167;4.363;4.56;4.965;5.37;5.69;6.01;6.415;6.82;7.238;7.656;7.808;8.075;8.41;8.745;9.18;9.615;10.233;10.851;11.251;11.651;12.131;12.611;12.574;12.538;12.501;12.464;12.427;12.391;12.354;12.317;12.281;12.244;12.051;11.859;11.666;11.481;11.48;11.479;11.478;11.477;11.476;11.475;11.367;11.259;11.151;11.044;10.936;10.828;10.72;10.612;10.504;10.397;10.289;10.181;10.073;9.965;9.857;9.749;9.642;9.534;9.426;9.318
167;0;0.423;0.845;1.267;1.69;2.203;2.715;3.396;4.077;4.273;4.47;4.868;5.265;5.58;5.895;6.293;6.69;7.096;7.502;7.659;7.928;8.253;8.578;9.003;9.428;10.026;10.625;11.017;11.41;11.887;12.365;12.328;12.292;12.256;12.22;12.184;12.148;12.111;12.075;12.039;12.003;11.814;11.626;11.437;11.248;11.19;11.194;11.197;11.201;11.204;11.208;11.103;10.999;10.895;10.791;10.687;10.583;10.479;10.375;10.271;10.167;10.063;9.959;9.855;9.75;9.646;9.542;9.438;9.334;9.23;9.126
168;0;0.415;0.83;1.245;1.66;2.16;2.66;3.323;3.986;4.183;4.38;4.77;5.16;5.47;5.78;6.17;6.56;6.954;7.348;7.509;7.78;8.095;8.41;8.825;9.24;9.819;10.398;10.783;11.168;11.643;12.118;12.082;12.047;12.011;11.976;11.94;11.904;11.869;11.833;11.798;11.762;11.577;11.393;11.208;11.024;10.9;10.908;10.916;10.924;10.932;10.94;10.84;10.739;10.639;10.539;10.439;10.338;10.238;10.138;10.037;9.937;9.837;9.736;9.636;9.536;9.436;9.335;9.235;9.135;9.034;8.934
169;0;0.408;0.815;1.223;1.63;2.118;2.605;3.25;3.896;4.093;4.29;4.672;5.055;5.36;5.665;6.048;6.43;6.812;7.194;7.36;7.633;7.938;8.243;8.648;9.053;9.612;10.172;10.549;10.927;11.399;11.872;11.836;11.801;11.766;11.731;11.696;11.661;11.626;11.591;11.556;11.521;11.34;11.16;10.979;10.799;10.642;10.623;10.635;10.648;10.66;10.673;10.576;10.479;10.383;10.286;10.19;10.093;9.997;9.9;9.804;9.707;9.611;9.514;9.418;9.321;9.225;9.128;9.032;8.935;8.839;8.742
170;0;0.4;0.8;1.2;1.6;2.075;2.55;3.177;3.805;4.002;4.2;4.575;4.95;5.25;5.55;5.925;6.3;6.67;7.04;7.21;7.485;7.78;8.075;8.47;8.865;9.405;9.945;10.315;10.685;11.155;11.625;11.591;11.556;11.522;11.487;11.452;11.418;11.384;11.349;11.314;11.28;11.104;10.927;10.75;10.574;10.42;10.337;10.354;10.371;10.388;10.405;10.312;10.22;10.127;10.034;9.941;9.849;9.756;9.663;9.57;9.478;9.385;9.292;9.199;9.107;9.014;8.921;8.828;8.736;8.643;8.55
171;0;0.392;0.785;1.178;1.57;2.032;2.495;3.105;3.715;3.912;4.11;4.477;4.845;5.14;5.435;5.803;6.17;6.528;6.886;7.061;7.338;7.623;7.908;8.293;8.678;9.198;9.718;10.081;10.444;10.911;11.378;11.345;11.311;11.277;11.243;11.209;11.175;11.141;11.107;11.073;11.039;10.867;10.694;10.522;10.349;10.199;10.065;10.073;10.095;10.116;10.138;10.049;9.96;9.871;9.782;9.693;9.604;9.515;9.426;9.337;9.248;9.159;9.07;8.981;8.892;8.803;8.714;8.625;8.536;8.447;8.358
172;0;0.385;0.77;1.155;1.54;1.99;2.44;3.032;3.624;3.822;4.02;4.38;4.74;5.03;5.32;5.68;6.04;6.386;6.732;6.911;7.19;7.465;7.74;8.115;8.49;8.991;9.492;9.847;10.202;10.667;11.132;11.099;11.065;11.032;10.998;10.965;10.932;10.898;10.865;10.831;10.798;10.63;10.461;10.293;10.124;9.977;9.846;9.792;9.818;9.844;9.87;9.785;9.7;9.614;9.529;9.444;9.359;9.274;9.188;9.103;9.018;8.933;8.848;8.762;8.677;8.592;8.507;8.422;8.336;8.251;8.166
173;0;0.378;0.755;1.132;1.51;1.947;2.385;2.959;3.534;3.732;3.93;4.283;4.635;4.92;5.205;5.558;5.91;6.244;6.578;6.761;7.043;7.308;7.573;7.938;8.303;8.784;9.266;9.613;9.961;10.423;10.886;10.853;10.82;10.787;10.754;10.721;10.688;10.656;10.623;10.59;10.557;10.393;10.228;10.064;9.9;9.756;9.628;9.511;9.542;9.572;9.603;9.521;9.44;9.358;9.277;9.195;9.114;9.033;8.951;8.87;8.788;8.707;8.625;8.544;8.463;8.381;8.3;8.218;8.137;8.055;7.974
174;0;0.37;0.74;1.11;1.48;1.905;2.33;2.887;3.443;3.641;3.84;4.185;4.53;4.81;5.09;5.435;5.78;6.102;6.424;6.612;6.895;7.15;7.405;7.76;8.115;8.577;9.039;9.379;9.719;10.179;10.639;10.607;10.574;10.542;10.51;10.478;10.445;10.413;10.381;10.348;10.316;10.156;9.995;9.835;9.675;9.534;9.41;9.286;9.265;9.3;9.335;9.257;9.18;9.102;9.024;8.947;8.869;8.791;8.714;8.636;8.559;8.481;8.403;8.326;8.248;8.17;8.093;8.015;7.937;7.86;7.782
175;0;0.363;0.725;1.088;1.45;1.863;2.275;2.814;3.353;3.551;3.75;4.088;4.425;4.7;4.975;5.313;5.65;5.96;6.27;6.463;6.748;6.993;7.238;7.583;7.928;8.37;8.813;9.145;9.478;9.935;10.393;10.361;10.329;10.297;10.266;10.234;10.202;10.17;10.139;10.107;10.075;9.919;9.763;9.606;9.45;9.313;9.192;9.071;8.989;9.028;9.068;8.994;8.92;8.846;8.772;8.698;8.624;8.55;8.477;8.403;8.329;8.255;8.181;8.107;8.033;7.959;7.886;7.812;7.738;7.664;7.59
176;0;0.355;0.71;1.065;1.42;1.82;2.22;2.741;3.262;3.461;3.66;3.99;4.32;4.59;4.86;5.19;5.52;5.818;6.116;6.313;6.6;6.835;7.07;7.405;7.74;8.163;8.586;8.911;9.236;9.691;10.146;10.115;10.084;10.052;10.021;9.99;9.959;9.928;9.896;9.865;9.834;9.682;9.53;9.377;9.225;9.091;8.973;8.855;8.738;8.756;8.8;8.73;8.66;8.59;8.52;8.45;8.379;8.309;8.239;8.169;8.099;8.029;7.959;7.889;7.819;7.749;7.678;7.608;7.538;7.468;7.398
177;0;0.348;0.695;1.043;1.39;1.778;2.165;2.668;3.172;3.371;3.57;3.893;4.215;4.48;4.745;5.068;5.39;5.676;5.962;6.164;6.453;6.678;6.903;7.228;7.553;7.956;8.36;8.677;8.995;9.447;9.9;9.869;9.838;9.808;9.777;9.746;9.716;9.685;9.654;9.624;9.593;9.445;9.297;9.149;9;8.87;8.755;8.64;8.526;8.484;8.533;8.466;8.4;8.334;8.267;8.201;8.135;8.068;8.002;7.936;7.869;7.803;7.737;7.67;7.604;7.538;7.471;7.405;7.339;7.272;7.206
178;0;0.34;0.68;1.02;1.36;1.735;2.11;2.596;3.081;3.281;3.48;3.795;4.11;4.37;4.63;4.945;5.26;5.534;5.808;6.014;6.305;6.52;6.735;7.05;7.365;7.749;8.133;8.443;8.753;9.203;9.653;9.623;9.593;9.563;9.533;9.503;9.472;9.442;9.412;9.382;9.352;9.208;9.064;8.92;8.776;8.648;8.537;8.425;8.314;8.212;8.265;8.202;8.14;8.077;8.015;7.952;7.89;7.827;7.765;7.702;7.64;7.577;7.514;7.452;7.389;7.327;7.264;7.202;7.139;7.077;7.014
179;0;0.333;0.665;0.997;1.33;1.693;2.055;2.523;2.991;3.19;3.39;3.698;4.005;4.26;4.515;4.823;5.13;5.392;5.654;5.865;6.158;6.363;6.568;6.873;7.178;7.542;7.907;8.209;8.512;8.959;9.407;9.377;9.347;9.318;9.288;9.259;9.229;9.2;9.17;9.141;9.111;8.971;8.831;8.691;8.551;8.427;8.318;8.21;8.102;7.994;7.998;7.939;7.88;7.821;7.762;7.704;7.645;7.586;7.527;7.469;7.41;7.351;7.292;7.233;7.175;7.116;7.057;6.998;6.94;6.881;6.822
180;0;0.325;0.65;0.975;1.3;1.65;2;2.45;2.9;3.1;3.3;3.6;3.9;4.15;4.4;4.7;5;5.25;5.5;5.715;6.01;6.205;6.4;6.695;6.99;7.335;7.68;7.975;8.27;8.715;9.16;9.131;9.102;9.073;9.044;9.015;8.986;8.957;8.928;8.899;8.87;8.734;8.598;8.462;8.326;8.205;8.1;7.995;7.89;7.785;7.73;7.675;7.62;7.565;7.51;7.455;7.4;7.345;7.29;7.235;7.18;7.125;7.07;7.015;6.96;6.905;6.85;6.795;6.74;6.685;6.63
