twa/tws;0;1;2;3;4;5;6;7;8;9;10;11;12;13;14;15;16;17;18;19;20;21;22;23;24;25;26;27;28;29;30;31;32;33;34;35;36;37;38;39;40;41;42;43;44;45;46;47;48;49;50;51;52;53;54;55;56;57;58;59;60;61;62;63;64;65;66;67;68;69;70
0;0;0;0;0;0;0;0;0;0;0;0;0;0;0;0;0;0;0;0;0;0;0;0;0;0;0;0;0;0;0;0;0;0;0;0;0;0;0;0;0;0;0;0;0;0;0;0;0;0;0;0;0;0;0;0;0;0;0;0;0;0;0;0;0;0;0;0;0;0;0;0
1;0;0.01;0.021;0.031;0.041;0.055;0.065;0.046;0.048;0.044;0.054;0.056;0.083;0.087;0.088;0.089;0.092;0.094;0.099;0.1;0.098;0.085;0.069;0.1;0.102;0.09;0.089;0.07;0.069;0.076;0.079;0.08;0.08;0.081;0.082;0.083;0.083;0.083;0.083;0.084;0.084;0.083;0.082;0.081;0.08;0.08;0.079;0.078;0.077;0.076;0.075;0.074;0.073;0.073;0.072;0.071;0.07;0.069;0.068;0.067;0.066;0.064;0.061;0.059;0.056;0.054;0.051;0.049;0.046;0.044;0.041
2;0;0.021;0.041;0.062;0.083;0.11;0.13;0.093;0.095;0.088;0.108;0.113;0.165;0.173;0.176;0.178;0.183;0.188;0.198;0.201;0.196;0.171;0.138;0.201;0.203;0.181;0.178;0.14;0.138;0.153;0.158;0.159;0.161;0.162;0.164;0.165;0.166;0.166;0.167;0.168;0.168;0.166;0.164;0.163;0.161;0.159;0.157;0.156;0.154;0.152;0.15;0.149;0.147;0.145;0.143;0.142;0.14;0.138;0.136;0.135;0.133;0.128;0.123;0.118;0.113;0.108;0.103;0.098;0.093;0.088;0.083
3;0;0.031;0.062;0.093;0.124;0.165;0.196;0.139;0.143;0.132;0.162;0.169;0.248;0.26;0.263;0.267;0.275;0.282;0.297;0.301;0.293;0.256;0.207;0.301;0.305;0.271;0.267;0.211;0.207;0.229;0.237;0.239;0.241;0.244;0.246;0.248;0.249;0.25;0.25;0.251;0.252;0.249;0.247;0.244;0.241;0.239;0.236;0.234;0.231;0.228;0.226;0.223;0.22;0.218;0.215;0.213;0.21;0.207;0.205;0.202;0.199;0.192;0.184;0.177;0.169;0.162;0.154;0.147;0.139;0.132;0.124
4;0;0.041;0.083;0.124;0.165;0.221;0.261;0.186;0.191;0.176;0.216;0.226;0.331;0.346;0.351;0.356;0.366;0.376;0.396;0.401;0.391;0.341;0.276;0.401;0.406;0.361;0.356;0.281;0.276;0.306;0.316;0.319;0.322;0.325;0.328;0.331;0.332;0.333;0.334;0.335;0.336;0.332;0.329;0.325;0.322;0.318;0.315;0.311;0.308;0.304;0.301;0.297;0.294;0.29;0.287;0.283;0.28;0.276;0.273;0.269;0.266;0.256;0.246;0.236;0.226;0.216;0.206;0.196;0.186;0.176;0.165
5;0;0.052;0.103;0.155;0.207;0.z276;0.326;0.232;0.238;0.219;0.27;0.282;0.414;0.433;0.439;0.445;0.458;0.47;0.495;0.501;0.489;0.426;0.345;0.501;0.508;0.451;0.445;0.351;0.345;0.382;0.395;0.399;0.402;0.406;0.41;0.414;0.415;0.416;0.417;0.419;0.42;0.416;0.411;0.407;0.402;0.398;0.394;0.389;0.385;0.381;0.376;0.372;0.367;0.363;0.359;0.354;0.35;0.345;0.341;0.337;0.332;0.32;0.307;0.295;0.282;0.27;0.257;0.244;0.232;0.219;0.207
6;0;0.062;0.124;0.186;0.248;0.331;0.391;0.278;0.286;0.263;0.323;0.339;0.496;0.519;0.527;0.534;0.549;0.564;0.594;0.602;0.587;0.512;0.414;0.602;0.609;0.542;0.534;0.421;0.414;0.459;0.474;0.478;0.483;0.487;0.492;0.496;0.498;0.499;0.501;0.503;0.504;0.499;0.493;0.488;0.483;0.478;0.472;0.467;0.462;0.457;0.451;0.446;0.441;0.436;0.43;0.425;0.42;0.414;0.409;0.404;0.399;0.384;0.369;0.354;0.339;0.323;0.308;0.293;0.278;0.263;0.248
7;0;0.072;0.145;0.217;0.29;0.386;0.456;0.325;0.333;0.307;0.377;0.395;0.579;0.606;0.614;0.623;0.641;0.658;0.693;0.702;0.685;0.597;0.483;0.702;0.711;0.632;0.623;0.491;0.483;0.535;0.553;0.558;0.563;0.569;0.574;0.579;0.581;0.583;0.584;0.586;0.588;0.582;0.576;0.57;0.563;0.557;0.551;0.545;0.539;0.533;0.527;0.52;0.514;0.508;0.502;0.496;0.49;0.484;0.477;0.471;0.465;0.448;0.43;0.412;0.395;0.377;0.36;0.342;0.325;0.307;0.29
8;0;0.083;0.165;0.248;0.331;0.441;0.522;0.371;0.381;0.351;0.431;0.451;0.662;0.692;0.702;0.712;0.732;0.752;0.792;0.802;0.782;0.682;0.552;0.802;0.812;0.722;0.712;0.562;0.552;0.612;0.632;0.638;0.644;0.65;0.656;0.662;0.664;0.666;0.668;0.67;0.672;0.665;0.658;0.651;0.644;0.637;0.63;0.623;0.616;0.609;0.602;0.595;0.588;0.581;0.574;0.567;0.56;0.553;0.546;0.539;0.532;0.512;0.491;0.471;0.451;0.431;0.411;0.391;0.371;0.351;0.331
9;0;0.115;0.23;0.345;0.46;0.614;0.726;0.544;0.562;0.514;0.591;0.599;0.868;0.906;0.923;0.938;0.963;0.988;1.041;1.052;1.028;0.901;0.733;1.052;1.067;0.953;0.939;0.747;0.735;0.81;0.838;0.845;0.853;0.86;0.868;0.875;0.878;0.881;0.883;0.886;0.889;0.877;0.864;0.852;0.84;0.827;0.815;0.802;0.79;0.778;0.765;0.753;0.741;0.728;0.716;0.704;0.691;0.679;0.667;0.654;0.642;0.621;0.601;0.581;0.56;0.54;0.519;0.499;0.478;0.458;0.438
10;0;0.147;0.295;0.442;0.589;0.787;0.93;0.717;0.742;0.677;0.75;0.747;1.073;1.121;1.143;1.163;1.194;1.224;1.289;1.301;1.274;1.121;0.915;1.301;1.321;1.184;1.166;0.933;0.918;1.008;1.043;1.052;1.061;1.07;1.079;1.088;1.092;1.095;1.099;1.102;1.106;1.088;1.07;1.053;1.035;1.017;1;0.982;0.964;0.947;0.929;0.911;0.894;0.876;0.858;0.841;0.823;0.805;0.788;0.77;0.752;0.731;0.711;0.69;0.669;0.648;0.627;0.607;0.586;0.565;0.544
11;0;0.18;0.359;0.539;0.718;0.96;1.135;0.89;0.923;0.84;0.909;0.895;1.279;1.335;1.364;1.389;1.424;1.459;1.537;1.551;1.52;1.34;1.097;1.551;1.576;1.414;1.393;1.118;1.101;1.206;1.249;1.259;1.27;1.28;1.291;1.301;1.306;1.31;1.314;1.318;1.323;1.3;1.277;1.254;1.231;1.208;1.185;1.162;1.139;1.116;1.093;1.07;1.047;1.024;1.001;0.978;0.955;0.932;0.909;0.886;0.863;0.841;0.82;0.799;0.778;0.757;0.735;0.714;0.693;0.672;0.651
12;0;0.212;0.424;0.636;0.848;1.133;1.339;1.063;1.103;1.003;1.068;1.043;1.484;1.55;1.585;1.615;1.655;1.695;1.785;1.8;1.765;1.56;1.279;1.8;1.83;1.645;1.62;1.304;1.284;1.404;1.454;1.466;1.478;1.49;1.502;1.515;1.52;1.525;1.53;1.535;1.54;1.511;1.483;1.455;1.426;1.398;1.37;1.341;1.313;1.285;1.256;1.228;1.2;1.171;1.143;1.115;1.086;1.058;1.03;1.001;0.973;0.951;0.93;0.908;0.887;0.865;0.844;0.822;0.8;0.779;0.757
13;0;0.244;0.488;0.733;0.977;1.306;1.543;1.236;1.284;1.166;1.227;1.191;1.69;1.764;1.805;1.841;1.886;1.931;2.034;2.05;2.011;1.779;1.461;2.05;2.085;1.876;1.847;1.489;1.467;1.602;1.66;1.674;1.687;1.701;1.714;1.728;1.733;1.739;1.745;1.751;1.757;1.723;1.689;1.656;1.622;1.588;1.555;1.521;1.487;1.454;1.42;1.386;1.353;1.319;1.285;1.252;1.218;1.184;1.151;1.117;1.083;1.061;1.039;1.017;0.995;0.974;0.952;0.93;0.908;0.886;0.864
14;0;0.276;0.553;0.829;1.106;1.479;1.748;1.409;1.464;1.329;1.387;1.339;1.896;1.978;2.026;2.066;2.116;2.166;2.282;2.299;2.257;1.998;1.642;2.299;2.339;2.106;2.074;1.675;1.65;1.8;1.866;1.881;1.896;1.911;1.926;1.941;1.947;1.954;1.96;1.967;1.973;1.934;1.895;1.856;1.817;1.778;1.739;1.7;1.661;1.622;1.583;1.544;1.506;1.467;1.428;1.389;1.35;1.311;1.272;1.233;1.194;1.171;1.149;1.127;1.104;1.082;1.06;1.037;1.015;0.993;0.97
15;0;0.309;0.617;0.926;1.235;1.652;1.952;1.582;1.645;1.492;1.546;1.487;2.101;2.193;2.247;2.292;2.347;2.402;2.53;2.549;2.502;2.218;1.824;2.549;2.594;2.337;2.301;1.861;1.833;1.998;2.071;2.088;2.104;2.121;2.137;2.154;2.161;2.168;2.176;2.183;2.19;2.146;2.102;2.057;2.013;1.969;1.924;1.88;1.836;1.791;1.747;1.703;1.658;1.614;1.57;1.526;1.481;1.437;1.393;1.348;1.304;1.281;1.259;1.236;1.213;1.19;1.168;1.145;1.122;1.1;1.077
16;0;0.341;0.682;1.023;1.364;1.825;2.156;1.755;1.825;1.655;1.705;1.635;2.307;2.407;2.467;2.518;2.578;2.638;2.778;2.798;2.748;2.437;2.006;2.798;2.849;2.568;2.528;2.046;2.016;2.197;2.277;2.295;2.313;2.331;2.349;2.367;2.375;2.383;2.391;2.399;2.407;2.358;2.308;2.258;2.209;2.159;2.109;2.06;2.01;1.96;1.911;1.861;1.811;1.762;1.712;1.662;1.613;1.563;1.514;1.464;1.414;1.391;1.368;1.345;1.322;1.299;1.276;1.253;1.23;1.207;1.184
17;0;0.37;0.74;1.111;1.481;1.982;2.342;2;2.079;1.887;1.957;1.893;2.581;2.694;2.761;2.816;2.884;2.951;3.104;3.126;3.074;2.739;2.267;3.132;3.188;2.885;2.84;2.314;2.279;2.479;2.568;2.588;2.609;2.629;2.65;2.67;2.678;2.686;2.694;2.702;2.709;2.655;2.6;2.545;2.49;2.435;2.38;2.325;2.271;2.216;2.161;2.106;2.051;1.996;1.941;1.887;1.832;1.777;1.722;1.667;1.612;1.584;1.556;1.528;1.5;1.472;1.444;1.416;1.388;1.36;1.331
18;0;0.399;0.799;1.198;1.597;2.139;2.528;2.244;2.332;2.119;2.209;2.151;2.856;2.981;3.054;3.114;3.19;3.265;3.43;3.453;3.4;3.042;2.528;3.465;3.528;3.202;3.152;2.583;2.543;2.761;2.859;2.882;2.905;2.928;2.951;2.974;2.981;2.989;2.996;3.004;3.012;2.951;2.891;2.831;2.771;2.711;2.651;2.591;2.531;2.471;2.411;2.351;2.291;2.231;2.171;2.111;2.051;1.991;1.931;1.87;1.81;1.777;1.744;1.711;1.678;1.645;1.612;1.579;1.546;1.513;1.479
19;0;0.428;0.857;1.285;1.714;2.296;2.713;2.489;2.585;2.351;2.461;2.41;3.131;3.269;3.348;3.413;3.495;3.578;3.756;3.78;3.726;3.344;2.788;3.799;3.868;3.519;3.464;2.851;2.806;3.043;3.149;3.175;3.201;3.226;3.252;3.277;3.285;3.292;3.299;3.306;3.314;3.248;3.183;3.118;3.053;2.987;2.922;2.857;2.792;2.726;2.661;2.596;2.531;2.465;2.4;2.335;2.27;2.204;2.139;2.074;2.009;1.97;1.932;1.894;1.856;1.818;1.78;1.742;1.704;1.665;1.627
20;0;0.458;0.915;1.373;1.83;2.452;2.899;2.733;2.838;2.583;2.713;2.668;3.405;3.556;3.641;3.711;3.801;3.892;4.082;4.107;4.052;3.646;3.049;4.132;4.208;3.836;3.776;3.119;3.069;3.325;3.44;3.468;3.496;3.525;3.553;3.581;3.588;3.595;3.602;3.609;3.616;3.545;3.475;3.404;3.334;3.264;3.193;3.123;3.052;2.982;2.911;2.841;2.77;2.7;2.629;2.559;2.488;2.418;2.348;2.277;2.207;2.163;2.12;2.077;2.034;1.991;1.948;1.905;1.862;1.818;1.775
21;0;0.487;0.974;1.46;1.947;2.609;3.084;2.978;3.092;2.815;2.965;2.926;3.68;3.843;3.934;4.009;4.107;4.205;4.408;4.435;4.378;3.948;3.31;4.466;4.547;4.154;4.088;3.388;3.332;3.607;3.731;3.762;3.792;3.823;3.854;3.884;3.891;3.898;3.904;3.911;3.918;3.842;3.767;3.691;3.615;3.54;3.464;3.388;3.313;3.237;3.161;3.086;3.01;2.934;2.859;2.783;2.707;2.632;2.556;2.48;2.405;2.357;2.308;2.26;2.212;2.164;2.116;2.068;2.02;1.971;1.923
22;0;0.516;1.032;1.548;2.064;2.766;3.27;3.222;3.345;3.047;3.217;3.185;3.954;4.13;4.228;4.308;4.413;4.519;4.734;4.762;4.704;4.25;3.571;4.799;4.887;4.471;4.401;3.656;3.596;3.889;4.022;4.055;4.088;4.121;4.154;4.188;4.194;4.201;4.207;4.214;4.22;4.139;4.058;3.978;3.897;3.816;3.735;3.654;3.573;3.492;3.411;3.331;3.25;3.169;3.088;3.007;2.926;2.845;2.765;2.684;2.603;2.55;2.496;2.443;2.39;2.337;2.284;2.231;2.178;2.124;2.071
23;0;0.545;1.09;1.635;2.18;2.922;3.455;3.467;3.598;3.279;3.469;3.443;4.229;4.417;4.521;4.606;4.719;4.832;5.06;5.089;5.03;4.552;3.831;5.133;5.227;4.788;4.713;3.924;3.859;4.171;4.313;4.349;4.384;4.42;4.455;4.491;4.497;4.503;4.51;4.516;4.522;4.436;4.35;4.264;4.178;4.092;4.006;3.92;3.834;3.748;3.662;3.576;3.489;3.403;3.317;3.231;3.145;3.059;2.973;2.887;2.801;2.743;2.685;2.626;2.568;2.51;2.452;2.394;2.335;2.277;2.219
24;0;0.574;1.148;1.723;2.297;3.079;3.641;3.711;3.852;3.51;3.721;3.701;4.503;4.704;4.814;4.905;5.025;5.145;5.386;5.416;5.356;4.855;4.092;5.466;5.567;5.105;5.025;4.193;4.122;4.453;4.604;4.642;4.68;4.718;4.756;4.794;4.8;4.806;4.812;4.818;4.824;4.733;4.642;4.551;4.459;4.368;4.277;4.186;4.094;4.003;3.912;3.82;3.729;3.638;3.547;3.455;3.364;3.273;3.182;3.09;2.999;2.936;2.873;2.809;2.746;2.683;2.62;2.557;2.493;2.43;2.367
25;0;0.602;1.204;1.806;2.408;3.227;3.816;3.943;4.092;3.73;3.961;3.959;4.788;5.002;5.119;5.214;5.343;5.471;5.716;5.738;5.695;5.188;4.401;5.811;5.918;5.458;5.372;4.515;4.44;4.786;4.947;4.987;5.026;5.065;5.105;5.144;5.148;5.152;5.155;5.159;5.163;5.066;4.97;4.874;4.777;4.681;4.584;4.488;4.391;4.295;4.198;4.102;4.005;3.909;3.812;3.716;3.619;3.523;3.426;3.33;3.233;3.163;3.094;3.024;2.954;2.884;2.814;2.744;2.674;2.604;2.534
26;0;0.63;1.26;1.89;2.52;3.375;3.992;4.175;4.333;3.949;4.2;4.218;5.073;5.301;5.424;5.524;5.662;5.797;6.046;6.061;6.033;5.522;4.709;6.156;6.269;5.81;5.72;4.837;4.757;5.118;5.291;5.331;5.372;5.413;5.453;5.494;5.495;5.497;5.498;5.5;5.501;5.4;5.298;5.196;5.095;4.993;4.891;4.79;4.688;4.586;4.485;4.383;4.281;4.18;4.078;3.976;3.875;3.773;3.671;3.57;3.468;3.391;3.314;3.238;3.161;3.084;3.007;2.931;2.854;2.777;2.701
27;0;0.658;1.316;1.974;2.632;3.523;4.167;4.407;4.574;4.169;4.44;4.476;5.357;5.599;5.728;5.834;5.98;6.123;6.375;6.383;6.372;5.855;5.018;6.501;6.62;6.162;6.067;5.159;5.074;5.45;5.634;5.676;5.718;5.76;5.802;5.844;5.843;5.842;5.841;5.841;5.84;5.733;5.626;5.519;5.412;5.306;5.199;5.092;4.985;4.878;4.771;4.664;4.557;4.45;4.344;4.237;4.13;4.023;3.916;3.809;3.702;3.619;3.535;3.452;3.368;3.285;3.201;3.118;3.034;2.951;2.867
28;0;0.686;1.372;2.057;2.743;3.671;4.343;4.639;4.814;4.388;4.679;4.734;5.642;5.898;6.033;6.143;6.299;6.449;6.705;6.705;6.71;6.189;5.326;6.845;6.971;6.514;6.414;5.481;5.391;5.782;5.978;6.021;6.064;6.107;6.15;6.194;6.191;6.188;6.184;6.181;6.178;6.066;5.954;5.842;5.73;5.618;5.506;5.394;5.282;5.17;5.058;4.946;4.833;4.721;4.609;4.497;4.385;4.273;4.161;4.049;3.937;3.847;3.756;3.666;3.576;3.485;3.395;3.305;3.215;3.124;3.034
29;0;0.714;1.427;2.141;2.855;3.819;4.519;4.871;5.055;4.608;4.918;4.992;5.926;6.196;6.338;6.453;6.617;6.775;7.035;7.027;7.049;6.522;5.634;7.19;7.322;6.867;6.761;5.804;5.708;6.115;6.321;6.366;6.41;6.455;6.499;6.543;6.538;6.533;6.528;6.522;6.517;6.4;6.282;6.165;6.048;5.931;5.813;5.696;5.579;5.461;5.344;5.227;5.11;4.992;4.875;4.758;4.64;4.523;4.406;4.289;4.171;4.074;3.977;3.88;3.783;3.686;3.589;3.492;3.395;3.298;3.201
30;0;0.742;1.483;2.225;2.966;3.967;4.694;5.103;5.296;4.827;5.158;5.251;6.211;6.494;6.642;6.763;6.936;7.101;7.365;7.349;7.387;6.856;5.943;7.535;7.673;7.219;7.109;6.126;6.026;6.447;6.665;6.711;6.756;6.802;6.847;6.893;6.886;6.878;6.871;6.863;6.856;6.733;6.611;6.488;6.366;6.243;6.121;5.998;5.876;5.753;5.631;5.508;5.386;5.263;5.141;5.018;4.896;4.773;4.651;4.528;4.406;4.302;4.198;4.094;3.99;3.887;3.783;3.679;3.575;3.471;3.368
31;0;0.769;1.539;2.308;3.078;4.115;4.87;5.335;5.537;5.046;5.397;5.509;6.496;6.793;6.947;7.072;7.254;7.427;7.694;7.672;7.726;7.189;6.251;7.88;8.024;7.571;7.456;6.448;6.343;6.779;7.008;7.055;7.102;7.149;7.196;7.243;7.233;7.223;7.214;7.204;7.194;7.066;6.939;6.811;6.683;6.556;6.428;6.3;6.172;6.045;5.917;5.789;5.662;5.534;5.406;5.279;5.151;5.023;4.896;4.768;4.64;4.53;4.419;4.308;4.198;4.087;3.977;3.866;3.755;3.645;3.534
32;0;0.797;1.595;2.392;3.19;4.263;5.045;5.567;5.777;5.266;5.637;5.767;6.78;7.091;7.252;7.382;7.573;7.753;8.024;7.994;8.064;7.522;6.56;8.225;8.375;7.924;7.803;6.77;6.66;7.111;7.352;7.4;7.448;7.496;7.545;7.593;7.581;7.569;7.557;7.545;7.533;7.4;7.267;7.134;7.001;6.868;6.735;6.602;6.469;6.336;6.204;6.071;5.938;5.805;5.672;5.539;5.406;5.273;5.14;5.007;4.875;4.757;4.64;4.523;4.405;4.288;4.17;4.053;3.936;3.818;3.701
33;0;0.838;1.676;2.514;3.353;4.452;5.248;5.775;5.994;5.463;5.856;6.022;7.002;7.322;7.489;7.623;7.82;8.006;8.253;8.235;8.327;7.825;6.886;8.492;8.648;8.242;8.118;7.115;7;7.454;7.706;7.753;7.801;7.848;7.896;7.944;7.926;7.908;7.89;7.872;7.853;7.717;7.581;7.444;7.308;7.171;7.035;6.899;6.762;6.626;6.489;6.353;6.217;6.08;5.944;5.807;5.671;5.535;5.398;5.262;5.125;4.999;4.872;4.745;4.618;4.492;4.365;4.238;4.111;3.985;3.858
34;0;0.879;1.758;2.637;3.516;4.641;5.451;5.983;6.211;5.659;6.076;6.276;7.224;7.553;7.726;7.864;8.067;8.26;8.483;8.475;8.591;8.127;7.212;8.759;8.922;8.561;8.433;7.46;7.339;7.796;8.059;8.106;8.153;8.201;8.248;8.295;8.271;8.247;8.223;8.199;8.174;8.035;7.895;7.755;7.615;7.475;7.335;7.195;7.055;6.915;6.775;6.635;6.495;6.356;6.216;6.076;5.936;5.796;5.656;5.516;5.376;5.24;5.104;4.968;4.831;4.695;4.559;4.423;4.287;4.151;4.015
35;0;0.92;1.839;2.759;3.679;4.831;5.654;6.191;6.428;5.856;6.295;6.531;7.446;7.783;7.963;8.104;8.314;8.513;8.712;8.716;8.854;8.429;7.538;9.026;9.195;8.879;8.747;7.805;7.679;8.138;8.413;8.459;8.506;8.553;8.599;8.646;8.616;8.586;8.556;8.526;8.495;8.352;8.209;8.065;7.922;7.778;7.635;7.491;7.348;7.205;7.061;6.918;6.774;6.631;6.487;6.344;6.201;6.057;5.914;5.77;5.627;5.481;5.336;5.19;5.045;4.899;4.753;4.608;4.462;4.317;4.171
36;0;0.96;1.921;2.881;3.841;5.02;5.858;6.399;6.645;6.053;6.514;6.785;7.668;8.014;8.2;8.345;8.561;8.766;8.942;8.957;9.117;8.731;7.864;9.293;9.468;9.198;9.062;8.149;8.019;8.48;8.766;8.812;8.858;8.905;8.951;8.997;8.961;8.925;8.889;8.852;8.816;8.669;8.522;8.376;8.229;8.082;7.935;7.788;7.641;7.494;7.347;7.2;7.053;6.906;6.759;6.612;6.465;6.318;6.171;6.025;5.878;5.723;5.568;5.413;5.258;5.103;4.948;4.793;4.638;4.483;4.328
37;0;1.001;2.002;3.003;4.004;5.209;6.061;6.607;6.862;6.25;6.734;7.04;7.89;8.245;8.436;8.586;8.808;9.019;9.171;9.198;9.381;9.033;8.189;9.56;9.742;9.516;9.377;8.494;8.359;8.823;9.12;9.165;9.211;9.257;9.302;9.348;9.306;9.264;9.222;9.179;9.137;8.987;8.836;8.686;8.536;8.385;8.235;8.084;7.934;7.783;7.633;7.482;7.332;7.181;7.031;6.881;6.73;6.58;6.429;6.279;6.128;5.964;5.8;5.635;5.471;5.306;5.142;4.978;4.813;4.649;4.485
38;0;1.042;2.084;3.126;4.167;5.399;6.264;6.815;7.079;6.447;6.953;7.294;8.112;8.475;8.673;8.826;9.055;9.273;9.401;9.438;9.644;9.335;8.515;9.827;10.015;9.834;9.691;8.839;8.699;9.165;9.473;9.518;9.564;9.609;9.654;9.699;9.651;9.603;9.555;9.506;9.458;9.304;9.15;8.996;8.842;8.688;8.535;8.381;8.227;8.073;7.919;7.765;7.611;7.457;7.303;7.149;6.995;6.841;6.687;6.533;6.379;6.205;6.032;5.858;5.684;5.51;5.336;5.163;4.989;4.815;4.641
39;0;1.083;2.165;3.248;4.33;5.588;6.467;7.024;7.296;6.644;7.173;7.549;8.334;8.706;8.91;9.067;9.302;9.526;9.63;9.679;9.907;9.638;8.841;10.094;10.288;10.153;10.006;9.184;9.038;9.507;9.827;9.872;9.916;9.961;10.005;10.05;9.996;9.942;9.888;9.833;9.779;9.622;9.464;9.307;9.149;8.992;8.834;8.677;8.519;8.362;8.205;8.047;7.89;7.732;7.575;7.417;7.26;7.102;6.945;6.787;6.63;6.447;6.263;6.08;5.897;5.714;5.531;5.348;5.164;4.981;4.798
40;0;1.123;2.247;3.37;4.493;5.777;6.67;7.232;7.512;6.84;7.392;7.803;8.556;8.937;9.147;9.308;9.549;9.779;9.859;9.92;10.17;9.94;9.167;10.361;10.562;10.471;10.321;9.529;9.378;9.849;10.18;10.225;10.269;10.313;10.357;10.401;10.341;10.281;10.221;10.16;10.1;9.939;9.778;9.617;9.456;9.295;9.134;8.973;8.812;8.651;8.49;8.329;8.168;8.007;7.846;7.685;7.525;7.364;7.203;7.042;6.881;6.688;6.495;6.303;6.11;5.918;5.725;5.533;5.34;5.147;4.955
41;0;1.163;2.327;3.49;4.654;5.948;6.84;7.382;7.643;7.101;7.583;8.034;8.696;9.087;9.298;9.468;9.709;9.94;10.05;10.12;10.331;10.201;9.488;10.542;10.742;10.742;10.582;9.859;9.709;10.18;10.511;10.556;10.6;10.644;10.688;10.732;10.66;10.588;10.515;10.443;10.371;10.214;10.056;9.899;9.741;9.584;9.426;9.269;9.111;8.954;8.796;8.639;8.481;8.324;8.166;8.009;7.851;7.694;7.537;7.379;7.222;7.009;6.796;6.584;6.371;6.158;5.946;5.733;5.521;5.308;5.095
42;0;1.204;2.407;3.611;4.814;6.105;6.964;7.472;7.763;7.362;7.837;8.245;8.867;9.224;9.428;9.599;9.849;10.083;10.194;10.274;10.481;10.414;9.793;10.695;10.896;10.969;10.802;10.197;10.04;10.488;10.832;10.873;10.914;10.955;10.996;11.036;10.953;10.869;10.786;10.702;10.618;10.462;10.305;10.148;9.991;9.834;9.678;9.521;9.364;9.207;9.05;8.894;8.737;8.58;8.423;8.266;8.11;7.953;7.796;7.639;7.482;7.256;7.029;6.802;6.576;6.349;6.122;5.896;5.669;5.442;5.216
43;0;1.244;2.487;3.731;4.975;6.262;7.088;7.563;7.884;7.623;8.091;8.455;9.037;9.361;9.559;9.729;9.99;10.227;10.338;10.428;10.632;10.628;10.097;10.849;11.05;11.197;11.023;10.535;10.371;10.796;11.153;11.191;11.228;11.266;11.303;11.341;11.246;11.151;11.056;10.961;10.866;10.71;10.554;10.397;10.241;10.085;9.929;9.773;9.617;9.461;9.304;9.148;8.992;8.836;8.68;8.524;8.368;8.212;8.055;7.899;7.743;7.502;7.262;7.021;6.78;6.54;6.299;6.058;5.817;5.577;5.336
44;0;1.284;2.568;3.852;5.135;6.419;7.212;7.653;8.004;7.884;8.345;8.666;9.208;9.498;9.689;9.859;10.13;10.371;10.481;10.582;10.782;10.842;10.401;11.003;11.204;11.424;11.244;10.873;10.702;11.103;11.474;11.508;11.543;11.577;11.611;11.645;11.539;11.432;11.326;11.22;11.113;10.958;10.802;10.647;10.491;10.336;10.18;10.025;9.87;9.714;9.559;9.403;9.248;9.092;8.937;8.781;8.626;8.47;8.315;8.159;8.004;7.749;7.494;7.24;6.985;6.73;6.475;6.221;5.966;5.711;5.456
45;0;1.321;2.643;3.964;5.286;6.6;7.312;7.753;8.134;8.144;8.596;8.917;9.378;9.609;9.839;10.02;10.251;10.532;10.642;10.692;10.903;10.983;10.692;11.173;11.374;11.575;11.444;11.193;11.013;11.394;11.765;11.797;11.829;11.861;11.894;11.926;11.799;11.673;11.547;11.42;11.294;11.14;10.986;10.832;10.678;10.524;10.37;10.216;10.062;9.908;9.754;9.6;9.446;9.292;9.138;8.984;8.83;8.676;8.522;8.369;8.215;7.948;7.681;7.414;7.147;6.881;6.614;6.347;6.08;5.813;5.547
46;0;1.359;2.718;4.077;5.436;6.71;7.412;7.843;8.275;8.405;8.836;9.177;9.539;9.719;9.96;10.14;10.371;10.712;10.832;10.873;11.033;11.143;10.973;11.364;11.555;11.745;11.615;11.514;11.324;11.665;12.056;12.082;12.108;12.134;12.16;12.186;12.046;11.906;11.765;11.625;11.484;11.329;11.174;11.019;10.864;10.71;10.555;10.4;10.245;10.09;9.935;9.78;9.625;9.47;9.315;9.16;9.005;8.85;8.695;8.54;8.385;8.109;7.833;7.558;7.282;7.006;6.73;6.454;6.178;5.903;5.627
47;0;1.394;2.788;4.183;5.577;6.79;7.492;7.924;8.425;8.656;9.077;9.418;9.689;9.89;10.08;10.251;10.491;10.852;10.943;10.983;11.153;11.294;11.244;11.514;11.705;11.906;11.805;11.815;11.625;11.936;12.317;12.337;12.357;12.377;12.397;12.417;12.251;12.084;11.918;11.751;11.585;11.432;11.28;11.127;10.975;10.822;10.67;10.517;10.365;10.213;10.06;9.908;9.755;9.603;9.45;9.298;9.145;8.993;8.84;8.688;8.536;8.252;7.968;7.684;7.4;7.116;6.832;6.549;6.265;5.981;5.697
48;0;1.429;2.859;4.288;5.717;6.85;7.583;8.004;8.576;8.907;9.308;9.649;9.839;10;10.19;10.371;10.602;10.993;11.063;11.103;11.284;11.434;11.504;11.655;11.855;12.046;12.016;12.116;11.916;12.297;12.578;12.584;12.59;12.596;12.602;12.608;12.425;12.243;12.06;11.878;11.695;11.545;11.395;11.245;11.095;10.945;10.795;10.645;10.495;10.345;10.195;10.046;9.896;9.746;9.596;9.446;9.296;9.146;8.996;8.846;8.696;8.401;8.106;7.811;7.516;7.222;6.927;6.632;6.337;6.042;5.747
49;0;1.462;2.924;4.386;5.847;6.901;7.663;8.084;8.746;9.147;9.518;9.88;10.02;10.15;10.301;10.481;10.712;11.123;11.183;11.224;11.404;11.555;11.745;11.805;12.006;12.186;12.237;12.397;12.196;12.527;12.778;12.77;12.762;12.754;12.746;12.738;12.55;12.361;12.172;11.984;11.795;11.65;11.504;11.359;11.214;11.068;10.923;10.777;10.632;10.486;10.341;10.195;10.05;9.905;9.759;9.614;9.468;9.323;9.177;9.032;8.887;8.577;8.267;7.957;7.647;7.337;7.027;6.717;6.407;6.097;5.787
50;0;1.492;2.984;4.476;5.968;6.971;7.743;8.164;8.927;9.388;9.689;10.09;10.19;10.321;10.411;10.592;10.822;11.254;11.294;11.334;11.524;11.685;11.896;11.956;12.156;12.327;12.407;12.537;12.337;12.728;12.999;12.971;12.943;12.915;12.887;12.858;12.682;12.505;12.329;12.152;11.976;11.828;11.681;11.533;11.386;11.239;11.091;10.944;10.796;10.649;10.501;10.354;10.207;10.059;9.912;9.764;9.617;9.469;9.322;9.174;9.027;8.712;8.397;8.082;7.767;7.452;7.137;6.822;6.507;6.193;5.878
51;0;1.512;3.024;4.536;6.048;7.001;7.843;8.235;9.047;9.629;9.859;10.231;10.321;10.441;10.562;10.732;10.943;11.384;11.444;11.504;11.625;11.865;12.096;12.116;12.317;12.497;12.598;12.788;12.537;12.909;13.26;13.208;13.155;13.103;13.051;12.999;12.82;12.642;12.463;12.285;12.106;11.958;11.809;11.661;11.512;11.364;11.216;11.067;10.919;10.77;10.622;10.473;10.325;10.176;10.028;9.88;9.731;9.583;9.434;9.286;9.137;8.817;8.497;8.177;7.858;7.538;7.218;6.898;6.578;6.258;5.938
52;0;1.532;3.064;4.596;6.128;7.041;7.919;8.315;9.162;9.724;9.91;10.311;10.421;10.552;10.652;10.827;11.053;11.514;11.55;11.6;11.76;11.986;12.196;12.272;12.467;12.638;12.758;12.934;12.713;13.069;13.405;13.353;13.301;13.249;13.196;13.144;12.956;12.767;12.579;12.39;12.201;12.052;11.903;11.754;11.605;11.456;11.306;11.157;11.008;10.859;10.71;10.56;10.411;10.262;10.113;9.964;9.814;9.665;9.516;9.367;9.218;8.895;8.573;8.25;7.928;7.605;7.283;6.96;6.638;6.315;5.993
53;0;1.552;3.104;4.656;6.209;7.081;7.994;8.395;9.278;9.819;9.96;10.391;10.521;10.662;10.742;10.923;11.163;11.645;11.655;11.695;11.896;12.106;12.297;12.427;12.618;12.778;12.919;13.079;12.889;13.23;13.551;13.498;13.446;13.394;13.342;13.29;13.091;12.893;12.694;12.495;12.297;12.147;11.997;11.847;11.697;11.547;11.397;11.247;11.097;10.947;10.797;10.647;10.497;10.347;10.198;10.048;9.898;9.748;9.598;9.448;9.298;8.973;8.648;8.323;7.998;7.673;7.348;7.023;6.698;6.373;6.048
54;0;1.575;3.149;4.724;6.299;7.121;8.084;8.465;9.388;9.9;10.06;10.431;10.622;10.712;10.852;11.043;11.274;11.785;11.785;11.835;12.046;12.247;12.457;12.598;12.788;12.939;13.099;13.27;13.089;13.42;13.761;13.707;13.653;13.599;13.545;13.49;13.274;13.057;12.84;12.624;12.407;12.259;12.11;11.962;11.813;11.665;11.516;11.368;11.22;11.071;10.923;10.774;10.626;10.477;10.329;10.18;10.032;9.884;9.735;9.587;9.438;9.103;8.768;8.433;8.098;7.763;7.428;7.093;6.758;6.423;6.088
55;0;1.592;3.185;4.777;6.369;7.171;8.154;8.546;9.488;9.97;10.16;10.532;10.742;10.812;10.973;11.163;11.404;11.926;11.926;11.976;12.186;12.407;12.618;12.778;12.969;13.119;13.3;13.47;13.3;13.621;13.972;13.904;13.835;13.767;13.699;13.631;13.42;13.21;12.999;12.788;12.578;12.428;12.279;12.129;11.98;11.83;11.681;11.531;11.382;11.233;11.083;10.934;10.784;10.635;10.485;10.336;10.186;10.037;9.888;9.738;9.589;9.248;8.907;8.566;8.225;7.884;7.543;7.202;6.861;6.519;6.178
56;0;1.604;3.209;4.813;6.417;7.234;8.217;8.622;9.555;10.044;10.253;10.636;10.844;10.939;11.117;11.316;11.569;12.084;12.106;12.164;12.393;12.622;12.836;13.011;13.208;13.366;13.551;13.729;13.585;13.902;14.237;14.164;14.091;14.019;13.946;13.873;13.658;13.442;13.226;13.01;12.794;12.641;12.489;12.336;12.183;12.03;11.877;11.724;11.571;11.419;11.266;11.113;10.96;10.807;10.654;10.501;10.349;10.196;10.043;9.89;9.737;9.389;9.042;8.694;8.347;7.999;7.651;7.304;6.956;6.608;6.261
57;0;1.616;3.233;4.849;6.465;7.296;8.279;8.698;9.621;10.118;10.345;10.74;10.947;11.065;11.262;11.468;11.733;12.243;12.287;12.353;12.6;12.836;13.055;13.244;13.446;13.613;13.801;13.988;13.869;14.182;14.501;14.424;14.347;14.27;14.193;14.116;13.895;13.674;13.453;13.232;13.011;12.855;12.698;12.542;12.386;12.23;12.073;11.917;11.761;11.605;11.448;11.292;11.136;10.979;10.823;10.667;10.511;10.354;10.198;10.042;9.886;9.531;9.177;8.823;8.469;8.114;7.76;7.406;7.051;6.697;6.343
58;0;1.628;3.257;4.885;6.513;7.358;8.341;8.774;9.687;10.192;10.437;10.844;11.049;11.191;11.406;11.621;11.898;12.401;12.467;12.542;12.806;13.051;13.274;13.476;13.685;13.859;14.052;14.247;14.154;14.463;14.766;14.685;14.603;14.522;14.44;14.359;14.133;13.906;13.68;13.454;13.228;13.068;12.908;12.749;12.589;12.429;12.269;12.11;11.95;11.79;11.631;11.471;11.311;11.152;10.992;10.832;10.673;10.513;10.353;10.194;10.034;9.673;9.312;8.951;8.59;8.23;7.869;7.508;7.147;6.786;6.425
59;0;1.64;3.281;4.921;6.562;7.42;8.403;8.85;9.753;10.267;10.529;10.949;11.151;11.318;11.551;11.773;12.062;12.56;12.648;12.73;13.013;13.266;13.492;13.709;13.924;14.106;14.303;14.505;14.439;14.744;15.031;14.945;14.859;14.773;14.688;14.602;14.37;14.139;13.907;13.676;13.444;13.281;13.118;12.955;12.792;12.629;12.466;12.303;12.14;11.976;11.813;11.65;11.487;11.324;11.161;10.998;10.835;10.672;10.509;10.346;10.182;9.815;9.447;9.08;8.712;8.345;7.977;7.61;7.242;6.875;6.507
60;0;1.652;3.305;4.957;6.61;7.482;8.465;8.927;9.819;10.341;10.622;11.053;11.254;11.444;11.695;11.926;12.227;12.718;12.828;12.919;13.22;13.48;13.711;13.942;14.162;14.353;14.554;14.764;14.724;15.025;15.296;15.205;15.115;15.025;14.935;14.844;14.608;14.371;14.134;13.898;13.661;13.494;13.328;13.161;12.995;12.828;12.662;12.495;12.329;12.162;11.996;11.829;11.663;11.496;11.33;11.163;10.997;10.83;10.664;10.497;10.331;9.957;9.583;9.209;8.834;8.46;8.086;7.712;7.338;6.964;6.59
61;0;1.66;3.32;4.981;6.641;7.525;8.505;8.979;9.86;10.388;10.687;11.128;11.326;11.54;11.806;12.046;12.357;12.843;12.975;13.095;13.424;13.693;13.932;14.173;14.402;14.599;14.805;15.023;15.009;15.306;15.56;15.465;15.371;15.276;15.182;15.087;14.845;14.603;14.361;14.119;13.878;13.708;13.538;13.368;13.198;13.028;12.858;12.688;12.518;12.348;12.178;12.009;11.839;11.669;11.499;11.329;11.159;10.989;10.819;10.649;10.479;10.099;9.718;9.337;8.957;8.576;8.196;7.815;7.434;7.054;6.673
62;0;1.668;3.336;5.004;6.672;7.567;8.546;9.031;9.902;10.435;10.752;11.204;11.398;11.635;11.918;12.166;12.487;12.969;13.121;13.278;13.629;13.906;14.152;14.405;14.642;14.844;15.057;15.282;15.294;15.587;15.823;15.725;15.626;15.527;15.429;15.33;15.083;14.836;14.588;14.341;14.094;13.921;13.748;13.574;13.401;13.228;13.054;12.881;12.708;12.534;12.361;12.188;12.014;11.841;11.668;11.494;11.321;11.148;10.974;10.801;10.628;10.241;9.853;9.466;9.079;8.692;8.305;7.918;7.531;7.143;6.756
63;0;1.676;3.352;5.027;6.703;7.609;8.586;9.083;9.943;10.482;10.817;11.279;11.47;11.73;12.029;12.287;12.618;13.094;13.268;13.477;13.833;14.118;14.373;14.637;14.882;15.09;15.309;15.54;15.579;15.867;16.087;15.984;15.881;15.778;15.675;15.573;15.32;15.068;14.816;14.563;14.311;14.134;13.957;13.781;13.604;13.427;13.25;13.074;12.897;12.72;12.544;12.367;12.19;12.013;11.837;11.66;11.483;11.306;11.13;10.953;10.776;10.383;9.989;9.595;9.202;8.808;8.414;8.02;7.627;7.233;6.839
64;0;1.684;3.367;5.051;6.734;7.653;8.63;9.135;9.984;10.534;10.883;11.356;11.545;11.827;12.144;12.411;12.752;13.222;13.416;13.677;14.038;14.331;14.594;14.868;15.121;15.336;15.561;15.799;15.863;16.148;16.351;16.244;16.137;16.03;15.922;15.815;15.558;15.3;15.043;14.785;14.527;14.347;14.167;13.987;13.807;13.627;13.447;13.266;13.086;12.906;12.726;12.546;12.366;12.186;12.006;11.825;11.645;11.465;11.285;11.105;10.925;10.524;10.124;9.724;9.324;8.924;8.523;8.123;7.723;7.323;6.923
65;0;1.695;3.39;5.085;6.78;7.713;8.691;9.208;10.05;10.607;10.973;11.459;11.645;11.951;12.287;12.563;12.914;13.38;13.596;13.877;14.243;14.543;14.814;15.1;15.361;15.582;15.812;16.058;16.148;16.429;16.615;16.503;16.392;16.281;16.169;16.058;15.795;15.532;15.27;15.007;14.744;14.561;14.377;14.193;14.01;13.826;13.643;13.459;13.276;13.092;12.909;12.725;12.542;12.358;12.174;11.991;11.807;11.624;11.44;11.257;11.073;10.666;10.26;9.853;9.446;9.04;8.633;8.226;7.819;7.413;7.006
66;0;1.707;3.414;5.121;6.828;7.773;8.752;9.282;10.116;10.68;11.065;11.563;11.745;12.074;12.429;12.714;13.075;13.538;13.775;14.076;14.447;14.756;15.035;15.332;15.601;15.827;16.064;16.317;16.433;16.71;16.878;16.763;16.647;16.532;16.416;16.301;16.033;15.765;15.497;15.229;14.961;14.774;14.587;14.4;14.213;14.026;13.839;13.652;13.465;13.278;13.091;12.904;12.717;12.53;12.343;12.156;11.969;11.782;11.595;11.409;11.222;10.808;10.395;9.982;9.569;9.155;8.742;8.329;7.916;7.502;7.089
67;0;1.719;3.438;5.157;6.877;7.833;8.813;9.356;10.182;10.753;11.157;11.666;11.845;12.197;12.572;12.865;13.237;13.697;13.955;14.276;14.652;14.969;15.256;15.564;15.84;16.073;16.316;16.576;16.718;16.991;17.142;17.023;16.903;16.783;16.663;16.543;16.27;15.997;15.724;15.451;15.177;14.987;14.797;14.606;14.416;14.226;14.035;13.845;13.654;13.464;13.274;13.083;12.893;12.703;12.512;12.322;12.131;11.941;11.751;11.56;11.37;10.95;10.53;10.111;9.691;9.271;8.851;8.432;8.012;7.592;7.172
68;0;1.731;3.462;5.194;6.925;7.894;8.875;9.43;10.249;10.826;11.25;11.769;11.946;12.321;12.714;13.017;13.398;13.855;14.134;14.475;14.856;15.181;15.476;15.795;16.08;16.319;16.568;16.834;17.003;17.272;17.406;17.282;17.158;17.034;16.91;16.786;16.508;16.229;15.951;15.672;15.394;15.2;15.006;14.813;14.619;14.425;14.231;14.038;13.844;13.65;13.456;13.262;13.069;12.875;12.681;12.487;12.294;12.1;11.906;11.712;11.518;11.092;10.666;10.24;9.813;9.387;8.961;8.535;8.108;7.682;7.256
69;0;1.743;3.486;5.23;6.973;7.954;8.936;9.504;10.315;10.9;11.342;11.873;12.046;12.444;12.856;13.168;13.56;14.014;14.314;14.675;15.089;15.394;15.697;16.027;16.32;16.565;16.819;17.093;17.288;17.553;17.67;17.542;17.413;17.285;17.157;17.029;16.745;16.462;16.178;15.894;15.611;15.414;15.216;15.019;14.822;14.625;14.428;14.23;14.033;13.836;13.639;13.442;13.244;13.047;12.85;12.653;12.456;12.258;12.061;11.864;11.667;11.234;10.801;10.369;9.936;9.503;9.07;8.637;8.205;7.772;7.339
70;0;1.755;3.51;5.266;7.021;8.014;8.997;9.579;10.381;10.973;11.434;11.976;12.146;12.568;12.999;13.32;13.721;14.172;14.493;14.874;15.336;15.667;15.918;16.259;16.56;16.81;17.071;17.352;17.573;17.833;17.934;17.801;17.669;17.536;17.404;17.272;16.983;16.694;16.405;16.116;15.827;15.627;15.426;15.226;15.025;14.824;14.624;14.423;14.223;14.022;13.821;13.621;13.42;13.22;13.019;12.818;12.618;12.417;12.217;12.016;11.815;11.376;10.937;10.497;10.058;9.619;9.179;8.74;8.301;7.862;7.422
71;0;1.765;3.53;5.294;7.059;8.049;9.033;9.61;10.419;11.041;11.525;12.072;12.266;12.705;13.162;13.515;13.933;14.377;14.703;15.093;15.559;15.902;16.157;16.513;16.824;17.087;17.352;17.642;17.876;18.131;18.251;18.123;17.994;17.866;17.738;17.61;17.312;17.016;16.719;16.424;16.128;15.922;15.716;15.509;15.303;15.097;14.891;14.684;14.478;14.272;14.066;13.859;13.653;13.447;13.241;13.034;12.828;12.622;12.415;12.209;12.003;11.554;11.105;10.655;10.206;9.757;9.308;8.859;8.41;7.961;7.511
72;0;1.774;3.549;5.323;7.097;8.084;9.069;9.641;10.457;11.109;11.617;12.168;12.387;12.843;13.325;13.712;14.146;14.583;14.915;15.313;15.784;16.138;16.397;16.769;17.09;17.365;17.634;17.934;18.182;18.431;18.57;18.446;18.322;18.198;18.074;17.95;17.644;17.339;17.035;16.731;16.429;16.217;16.005;15.793;15.581;15.369;15.158;14.946;14.734;14.522;14.31;14.098;13.886;13.674;13.462;13.25;13.038;12.826;12.614;12.402;12.19;11.731;11.273;10.814;10.355;9.896;9.437;8.978;8.519;8.06;7.601
73;0;1.784;3.568;5.352;7.135;8.119;9.105;9.672;10.495;11.177;11.708;12.265;12.507;12.982;13.489;13.909;14.361;14.79;15.127;15.534;16.01;16.376;16.647;17.026;17.358;17.645;17.918;18.227;18.49;18.732;18.892;18.772;18.652;18.532;18.412;18.292;17.977;17.663;17.351;17.04;16.73;16.512;16.295;16.077;15.86;15.642;15.424;15.207;14.989;14.772;14.554;14.336;14.119;13.901;13.684;13.466;13.248;13.031;12.813;12.596;12.378;11.909;11.44;10.972;10.503;10.034;9.565;9.096;8.628;8.159;7.69
74;0;1.793;3.587;5.38;7.173;8.154;9.141;9.703;10.534;11.246;11.799;12.361;12.628;13.12;13.654;14.108;14.576;14.998;15.341;15.757;16.238;16.615;16.906;17.285;17.627;17.927;18.204;18.522;18.799;19.036;19.215;19.099;18.984;18.868;18.752;18.636;18.312;17.989;17.668;17.349;17.031;16.808;16.584;16.361;16.138;15.915;15.691;15.468;15.245;15.022;14.798;14.575;14.352;14.128;13.905;13.682;13.459;13.235;13.012;12.789;12.566;12.087;11.608;11.13;10.651;10.172;9.694;9.215;8.737;8.258;7.779
75;0;1.803;3.606;5.409;7.212;8.189;9.177;9.734;10.572;11.314;11.891;12.457;12.749;13.26;13.82;14.307;14.793;15.208;15.556;15.98;16.466;16.855;17.167;17.545;17.898;18.21;18.492;18.819;19.111;19.341;19.54;19.429;19.317;19.206;19.094;18.983;18.649;18.316;17.986;17.658;17.332;17.103;16.874;16.645;16.416;16.187;15.958;15.729;15.5;15.271;15.042;14.814;14.585;14.356;14.127;13.898;13.669;13.44;13.211;12.982;12.753;12.265;11.776;11.288;10.799;10.311;9.822;9.334;8.845;8.357;7.869
76;0;1.812;3.625;5.437;7.25;8.225;9.214;9.765;10.61;11.382;11.982;12.554;12.87;13.399;13.986;14.508;15.012;15.418;15.772;16.205;16.696;17.097;17.429;17.807;18.171;18.496;18.781;19.118;19.424;19.648;19.868;19.76;19.653;19.546;19.439;19.332;18.987;18.645;18.305;17.968;17.633;17.398;17.164;16.929;16.694;16.46;16.225;15.991;15.756;15.521;15.287;15.052;14.818;14.583;14.348;14.114;13.879;13.645;13.41;13.175;12.941;12.442;11.944;11.446;10.948;10.449;9.951;9.453;8.954;8.456;7.958
77;0;1.822;3.644;5.466;7.288;8.26;9.25;9.796;10.648;11.45;12.073;12.65;12.991;13.539;14.152;14.709;15.231;15.63;15.989;16.431;16.927;17.34;17.693;18.071;18.445;18.782;19.072;19.418;19.739;19.957;20.197;20.094;19.991;19.888;19.785;19.682;19.327;18.975;18.625;18.278;17.934;17.693;17.453;17.213;16.973;16.732;16.492;16.252;16.011;15.771;15.531;15.291;15.05;14.81;14.57;14.33;14.089;13.849;13.609;13.369;13.128;12.62;12.112;11.604;11.096;10.588;10.08;9.571;9.063;8.555;8.047
78;0;1.831;3.663;5.494;7.326;8.295;9.286;9.827;10.686;11.518;12.164;12.746;13.112;13.679;14.32;14.912;15.452;15.843;16.208;16.659;17.16;17.584;17.959;18.336;18.721;19.071;19.365;19.721;20.056;20.267;20.528;20.429;20.331;20.232;20.134;20.035;19.669;19.306;18.946;18.589;18.235;17.989;17.743;17.497;17.251;17.005;16.759;16.513;16.267;16.021;15.775;15.529;15.283;15.037;14.791;14.546;14.3;14.054;13.808;13.562;13.316;12.798;12.28;11.762;11.244;10.726;10.208;9.69;9.172;8.654;8.136
79;0;1.841;3.682;5.523;7.364;8.33;9.322;9.858;10.724;11.587;12.256;12.842;13.234;13.82;14.488;15.115;15.674;16.057;16.427;16.888;17.394;17.83;18.226;18.609;18.998;19.361;19.659;20.025;20.375;20.58;20.861;20.767;20.673;20.579;20.485;20.39;20.013;19.639;19.268;18.9;18.535;18.284;18.032;17.781;17.529;17.277;17.026;16.774;16.523;16.271;16.019;15.768;15.516;15.265;15.013;14.761;14.51;14.258;14.007;13.755;13.503;12.976;12.448;11.92;11.392;10.864;10.337;9.809;9.281;8.753;8.226
80;0;1.851;3.701;5.552;7.402;8.365;9.358;9.89;10.762;11.655;12.347;12.939;13.356;13.961;14.656;15.319;15.897;16.273;16.648;17.118;17.629;18.077;18.495;18.922;19.319;19.652;19.955;20.33;20.696;20.894;21.196;21.106;21.017;20.927;20.837;20.748;20.358;19.972;19.59;19.211;18.836;18.579;18.322;18.065;17.807;17.55;17.293;17.035;16.778;16.521;16.264;16.006;15.749;15.492;15.235;14.977;14.72;14.463;14.205;13.948;13.691;13.153;12.616;12.078;11.541;11.003;10.465;9.928;9.39;8.852;8.315
81;0;1.86;3.719;5.579;7.438;8.399;9.392;9.921;10.801;11.723;12.436;13.034;13.466;14.08;14.789;15.478;16.058;16.426;16.805;17.281;17.797;18.255;18.683;19.118;19.524;19.867;20.174;20.56;20.935;21.128;21.451;21.366;21.28;21.195;21.11;21.025;20.641;20.26;19.882;19.508;19.137;18.874;18.611;18.349;18.086;17.823;17.56;17.297;17.034;16.771;16.508;16.245;15.983;15.72;15.457;15.194;14.931;14.668;14.405;14.142;13.88;13.332;12.784;12.237;11.689;11.141;10.594;10.046;9.498;8.951;8.403
82;0;1.869;3.737;5.606;7.474;8.433;9.426;9.952;10.84;11.791;12.525;13.129;13.576;14.199;14.921;15.636;16.218;16.579;16.961;17.445;17.965;18.432;18.872;19.314;19.73;20.082;20.393;20.789;21.175;21.363;21.705;21.625;21.544;21.464;21.383;21.303;20.923;20.547;20.174;19.804;19.438;19.17;18.901;18.633;18.364;18.096;17.827;17.559;17.29;17.022;16.753;16.485;16.216;15.948;15.679;15.411;15.142;14.874;14.605;14.337;14.068;13.51;12.953;12.395;11.837;11.28;10.722;10.164;9.607;9.049;8.491
83;0;1.878;3.755;5.633;7.51;8.467;9.46;9.983;10.88;11.859;12.615;13.225;13.686;14.319;15.054;15.795;16.379;16.733;17.118;17.609;18.133;18.609;19.061;19.511;19.935;20.297;20.612;21.019;21.415;21.598;21.96;21.884;21.808;21.732;21.656;21.58;21.205;20.834;20.466;20.101;19.739;19.465;19.191;18.917;18.643;18.368;18.094;17.82;17.546;17.272;16.998;16.724;16.45;16.175;15.901;15.627;15.353;15.079;14.805;14.531;14.257;13.689;13.121;12.554;11.986;11.418;10.85;10.283;9.715;9.147;8.58
84;0;1.887;3.773;5.66;7.547;8.501;9.494;10.014;10.919;11.928;12.704;13.32;13.796;14.438;15.186;15.953;16.54;16.886;17.274;17.773;18.3;18.787;19.25;19.707;20.141;20.512;20.831;21.248;21.655;21.833;22.214;22.143;22.072;22;21.929;21.858;21.488;21.121;20.758;20.397;20.04;19.76;19.48;19.201;18.921;18.641;18.362;18.082;17.802;17.522;17.243;16.963;16.683;16.403;16.124;15.844;15.564;15.284;15.005;14.725;14.445;13.867;13.29;12.712;12.134;11.557;10.979;10.401;9.823;9.246;8.668
85;0;1.896;3.791;5.687;7.583;8.536;9.529;10.045;10.958;11.996;12.793;13.415;13.907;14.557;15.319;16.111;16.7;17.039;17.431;17.936;18.468;18.964;19.439;19.903;20.346;20.732;21.05;21.478;21.895;22.067;22.469;22.402;22.335;22.269;22.202;22.135;21.77;21.408;21.049;20.694;20.341;20.055;19.77;19.485;19.199;18.914;18.629;18.343;18.058;17.773;17.487;17.202;16.917;16.631;16.346;16.061;15.775;15.49;15.204;14.919;14.634;14.046;13.458;12.87;12.283;11.695;11.107;10.519;9.932;9.344;8.756
86;0;1.905;3.809;5.714;7.619;8.57;9.563;10.076;10.997;12.064;12.883;13.51;14.017;14.676;15.451;16.27;16.861;17.193;17.587;18.1;18.636;19.141;19.627;20.099;20.552;20.956;21.269;21.707;22.135;22.302;22.723;22.661;22.599;22.537;22.475;22.412;22.053;21.695;21.341;20.99;20.642;20.351;20.06;19.769;19.478;19.187;18.896;18.605;18.314;18.023;17.732;17.441;17.15;16.859;16.568;16.277;15.986;15.695;15.404;15.113;14.822;14.225;13.627;13.029;12.431;11.833;11.236;10.638;10.04;9.442;8.844
87;0;1.914;3.827;5.741;7.655;8.604;9.597;10.107;11.036;12.132;12.972;13.606;14.127;14.796;15.584;16.428;17.022;17.346;17.743;18.264;18.804;19.319;19.816;20.295;20.757;21.181;21.488;21.937;22.375;22.537;22.978;22.92;22.863;22.805;22.748;22.69;22.335;21.983;21.633;21.287;20.943;20.646;20.349;20.053;19.756;19.46;19.163;18.867;18.57;18.273;17.977;17.68;17.384;17.087;16.79;16.494;16.197;15.901;15.604;15.307;15.011;14.403;13.795;13.187;12.58;11.972;11.364;10.756;10.148;9.541;8.933
88;0;1.923;3.846;5.768;7.691;8.638;9.631;10.138;11.075;12.2;13.061;13.701;14.237;14.915;15.716;16.586;17.182;17.499;17.9;18.428;18.972;19.496;20.005;20.491;20.963;21.405;21.707;22.166;22.615;22.771;23.232;23.179;23.126;23.073;23.02;22.967;22.617;22.27;21.925;21.583;21.244;20.941;20.639;20.337;20.035;19.733;19.43;19.128;18.826;18.524;18.222;17.919;17.617;17.315;17.013;16.71;16.408;16.106;15.804;15.502;15.199;14.582;13.964;13.346;12.728;12.11;11.492;10.875;10.257;9.639;9.021
89;0;1.932;3.864;5.795;7.727;8.672;9.665;10.169;11.114;12.269;13.15;13.796;14.347;15.034;15.849;16.745;17.343;17.653;18.056;18.592;19.14;19.673;20.194;20.687;21.168;21.629;21.926;22.396;22.855;23.006;23.487;23.438;23.39;23.342;23.293;23.245;22.9;22.557;22.217;21.879;21.544;21.237;20.929;20.621;20.313;20.005;19.698;19.39;19.082;18.774;18.466;18.158;17.851;17.543;17.235;16.927;16.619;16.311;16.004;15.696;15.388;14.76;14.132;13.504;12.877;12.249;11.621;10.993;10.365;9.737;9.109
90;0;1.941;3.882;5.822;7.763;8.706;9.699;10.201;11.153;12.337;13.24;13.892;14.458;15.153;15.981;16.903;17.504;17.806;18.213;18.755;19.308;19.851;20.383;20.883;21.374;21.853;22.177;22.646;23.095;23.241;23.741;23.698;23.654;23.61;23.566;23.522;23.182;22.844;22.509;22.176;21.845;21.532;21.218;20.905;20.592;20.278;19.965;19.651;19.338;19.024;18.711;18.398;18.084;17.771;17.457;17.144;16.83;16.517;16.203;15.89;15.577;14.939;14.301;13.663;13.025;12.387;11.749;11.111;10.473;9.835;9.198
91;0;1.935;3.869;5.804;7.738;8.68;9.667;10.189;11.112;12.327;13.231;13.906;14.508;15.229;16.04;16.969;17.601;17.919;18.356;18.884;19.415;19.963;20.487;20.982;21.474;21.963;22.301;22.766;23.22;23.38;23.872;23.832;23.791;23.751;23.711;23.67;23.33;22.992;22.656;22.323;21.992;21.679;21.366;21.054;20.741;20.428;20.115;19.803;19.49;19.177;18.864;18.552;18.239;17.926;17.613;17.301;16.988;16.675;16.363;16.05;15.737;15.092;14.446;13.8;13.155;12.509;11.864;11.218;10.573;9.927;9.282
92;0;1.928;3.857;5.785;7.713;8.654;9.635;10.178;11.071;12.317;13.222;13.92;14.559;15.304;16.098;17.036;17.698;18.031;18.499;19.012;19.521;20.076;20.591;21.081;21.574;22.072;22.425;22.886;23.345;23.52;24.002;23.965;23.929;23.892;23.855;23.819;23.478;23.139;22.803;22.469;22.138;21.826;21.514;21.202;20.89;20.578;20.266;19.954;19.642;19.33;19.018;18.706;18.394;18.082;17.77;17.458;17.146;16.834;16.522;16.21;15.898;15.244;14.591;13.938;13.285;12.632;11.979;11.325;10.672;10.019;9.366
93;0;1.922;3.844;5.766;7.688;8.628;9.603;10.167;11.03;12.307;13.213;13.934;14.609;15.379;16.157;17.102;17.795;18.144;18.642;19.14;19.627;20.189;20.696;21.181;21.674;22.182;22.549;23.006;23.47;23.66;24.133;24.099;24.066;24.033;24;23.967;23.625;23.287;22.95;22.616;22.285;21.973;21.662;21.351;21.039;20.728;20.417;20.105;19.794;19.483;19.171;18.86;18.549;18.237;17.926;17.615;17.303;16.992;16.681;16.369;16.058;15.397;14.736;14.076;13.415;12.754;12.093;11.433;10.772;10.111;9.45
94;0;1.916;3.831;5.747;7.663;8.602;9.571;10.156;10.989;12.297;13.203;13.948;14.66;15.455;16.215;17.168;17.892;18.257;18.785;19.269;19.734;20.301;20.8;21.28;21.774;22.291;22.673;23.126;23.595;23.8;24.263;24.233;24.204;24.174;24.144;24.115;23.773;23.434;23.097;22.763;22.431;22.12;21.81;21.499;21.189;20.878;20.567;20.257;19.946;19.635;19.325;19.014;18.704;18.393;18.082;17.772;17.461;17.15;16.84;16.529;16.219;15.55;14.882;14.213;13.545;12.877;12.208;11.54;10.871;10.203;9.535
95;0;1.909;3.819;5.728;7.638;8.576;9.539;10.145;10.948;12.287;13.194;13.962;14.71;15.53;16.274;17.234;17.989;18.369;18.927;19.397;19.84;20.414;20.904;21.379;21.874;22.401;22.797;23.246;23.721;23.94;24.393;24.367;24.341;24.315;24.289;24.263;23.921;23.582;23.244;22.91;22.578;22.268;21.958;21.648;21.338;21.028;20.718;20.408;20.098;19.788;19.478;19.168;18.858;18.548;18.239;17.929;17.619;17.309;16.999;16.689;16.379;15.703;15.027;14.351;13.675;12.999;12.323;11.647;10.971;10.295;9.619
96;0;1.903;3.806;5.71;7.613;8.55;9.506;10.134;10.907;12.277;13.185;13.976;14.761;15.606;16.332;17.301;18.086;18.482;19.07;19.525;19.947;20.527;21.008;21.478;21.974;22.511;22.922;23.366;23.846;24.079;24.524;24.501;24.479;24.456;24.434;24.411;24.069;23.729;23.392;23.057;22.724;22.415;22.106;21.796;21.487;21.178;20.869;20.559;20.25;19.941;19.632;19.322;19.013;18.704;18.395;18.086;17.776;17.467;17.158;16.849;16.539;15.856;15.172;14.489;13.805;13.121;12.438;11.754;11.07;10.387;9.703
97;0;1.897;3.794;5.691;7.588;8.523;9.474;10.123;10.865;12.267;13.176;13.99;14.812;15.681;16.391;17.367;18.183;18.595;19.213;19.653;20.053;20.639;21.113;21.577;22.075;22.62;23.046;23.486;23.973;24.219;24.654;24.635;24.616;24.597;24.578;24.559;24.217;23.877;23.539;23.203;22.87;22.562;22.253;21.945;21.636;21.328;21.019;20.711;20.402;20.094;19.785;19.477;19.168;18.86;18.551;18.243;17.934;17.626;17.317;17.008;16.7;16.009;15.317;14.626;13.935;13.244;12.552;11.861;11.17;10.479;9.787
98;0;1.891;3.781;5.672;7.563;8.497;9.442;10.112;10.824;12.257;13.167;14.004;14.862;15.757;16.45;17.433;18.28;18.707;19.356;19.782;20.159;20.752;21.217;21.676;22.175;22.73;23.17;23.606;24.104;24.359;24.785;24.769;24.754;24.738;24.723;24.707;24.365;24.024;23.686;23.35;23.017;22.709;22.401;22.093;21.786;21.478;21.17;20.862;20.554;20.246;19.939;19.631;19.323;19.015;18.707;18.4;18.092;17.784;17.476;17.168;16.86;16.162;15.463;14.764;14.065;13.366;12.667;11.968;11.269;10.57;9.872
99;0;1.884;3.769;5.653;7.538;8.471;9.41;10.101;10.783;12.247;13.158;14.018;14.913;15.832;16.508;17.499;18.377;18.82;19.499;19.91;20.266;20.864;21.321;21.775;22.275;22.839;23.294;23.726;24.236;24.499;24.915;24.903;24.891;24.879;24.867;24.855;24.512;24.172;23.833;23.497;23.163;22.856;22.549;22.242;21.935;21.628;21.321;21.013;20.706;20.399;20.092;19.785;19.478;19.171;18.864;18.557;18.249;17.942;17.635;17.328;17.021;16.314;15.608;14.901;14.195;13.488;12.782;12.075;11.369;10.662;9.956
100;0;1.878;3.756;5.634;7.512;8.445;9.378;10.09;10.742;12.237;13.149;14.032;14.963;15.907;16.567;17.566;18.474;18.933;19.642;20.038;20.372;20.977;21.426;21.874;22.375;22.949;23.418;23.846;24.367;24.638;25.045;25.037;25.029;25.02;25.012;25.004;24.66;24.319;23.98;23.644;23.31;23.003;22.697;22.39;22.084;21.778;21.471;21.165;20.858;20.552;20.246;19.939;19.633;19.326;19.02;18.713;18.407;18.101;17.794;17.488;17.181;16.467;15.753;15.039;14.325;13.611;12.897;12.182;11.468;10.754;10.04
101;0;1.872;3.744;5.616;7.487;8.417;9.345;10.078;10.701;12.227;13.139;14.046;15.014;15.983;16.623;17.631;18.57;19.045;19.784;20.166;20.48;21.09;21.531;21.973;22.476;23.057;23.541;23.966;24.491;24.778;25.176;25.171;25.166;25.161;25.156;25.151;24.807;24.465;24.126;23.79;23.455;23.149;22.844;22.538;22.232;21.927;21.621;21.315;21.009;20.704;20.398;20.092;19.787;19.481;19.175;18.869;18.564;18.258;17.952;17.647;17.341;16.619;15.898;15.176;14.454;13.733;13.011;12.289;11.568;10.846;10.124
102;0;1.866;3.731;5.597;7.462;8.389;9.312;10.066;10.66;12.217;13.129;14.06;15.064;16.058;16.68;17.696;18.666;19.158;19.926;20.293;20.587;21.202;21.636;22.072;22.577;23.166;23.664;24.086;24.616;24.918;25.306;25.304;25.303;25.301;25.299;25.298;24.954;24.612;24.273;23.935;23.601;23.296;22.991;22.686;22.381;22.076;21.771;21.466;21.16;20.855;20.55;20.245;19.94;19.635;19.33;19.025;18.72;18.415;18.11;17.805;17.5;16.771;16.042;15.313;14.584;13.854;13.125;12.396;11.667;10.938;10.209
103;0;1.859;3.719;5.578;7.437;8.361;9.279;10.054;10.619;12.207;13.119;14.074;15.115;16.134;16.736;17.761;18.762;19.271;20.068;20.42;20.694;21.315;21.742;22.172;22.678;23.274;23.787;24.206;24.74;25.058;25.436;25.438;25.44;25.441;25.443;25.445;25.1;24.758;24.419;24.081;23.746;23.442;23.137;22.833;22.529;22.224;21.92;21.616;21.312;21.007;20.703;20.399;20.094;19.79;19.486;19.181;18.877;18.573;18.268;17.964;17.66;16.923;16.186;15.45;14.713;13.976;13.24;12.503;11.766;11.029;10.293
104;0;1.853;3.706;5.559;7.412;8.333;9.246;10.042;10.578;12.196;13.109;14.088;15.165;16.209;16.793;17.826;18.858;19.383;20.209;20.547;20.802;21.428;21.847;22.271;22.78;23.383;23.91;24.326;24.864;25.198;25.567;25.572;25.577;25.582;25.587;25.592;25.247;24.905;24.565;24.227;23.891;23.588;23.284;22.981;22.677;22.373;22.07;21.766;21.463;21.159;20.855;20.552;20.248;19.945;19.641;19.337;19.034;18.73;18.427;18.123;17.819;17.075;16.331;15.587;14.842;14.098;13.354;12.61;11.865;11.121;10.377
105;0;1.847;3.694;5.54;7.387;8.305;9.213;10.03;10.537;12.186;13.099;14.102;15.216;16.284;16.849;17.892;18.953;19.496;20.351;20.675;20.909;21.54;21.952;22.37;22.881;23.491;24.033;24.446;24.988;25.337;25.697;25.706;25.714;25.722;25.731;25.739;25.394;25.051;24.711;24.373;24.037;23.734;23.431;23.128;22.825;22.522;22.219;21.917;21.614;21.311;21.008;20.705;20.402;20.099;19.796;19.493;19.19;18.887;18.585;18.282;17.979;17.227;16.475;15.724;14.972;14.22;13.468;12.717;11.965;11.213;10.461
106;0;1.841;3.681;5.522;7.362;8.277;9.179;10.018;10.495;12.176;13.089;14.116;15.266;16.36;16.906;17.957;19.049;19.609;20.493;20.802;21.017;21.653;22.058;22.469;22.982;23.6;24.157;24.565;25.112;25.477;25.828;25.839;25.851;25.863;25.874;25.886;25.541;25.198;24.857;24.519;24.182;23.88;23.578;23.276;22.974;22.671;22.369;22.067;21.765;21.462;21.16;20.858;20.556;20.254;19.951;19.649;19.347;19.045;18.743;18.44;18.138;17.379;16.62;15.86;15.101;14.342;13.583;12.823;12.064;11.305;10.546
107;0;1.834;3.668;5.503;7.337;8.249;9.146;10.006;10.454;12.166;13.079;14.13;15.317;16.435;16.962;18.022;19.145;19.721;20.635;20.929;21.124;21.766;22.163;22.568;23.083;23.708;24.28;24.685;25.236;25.617;25.958;25.973;25.988;26.003;26.018;26.033;25.688;25.344;25.003;24.664;24.328;24.026;23.725;23.423;23.122;22.82;22.519;22.217;21.916;21.614;21.313;21.011;20.71;20.408;20.107;19.805;19.504;19.202;18.901;18.599;18.298;17.531;16.764;15.997;15.231;14.464;13.697;12.93;12.163;11.397;10.63
108;0;1.828;3.656;5.484;7.312;8.221;9.113;9.994;10.413;12.156;13.069;14.144;15.368;16.511;17.019;18.087;19.241;19.834;20.777;21.056;21.232;21.878;22.269;22.667;23.184;23.817;24.403;24.805;25.36;25.757;26.088;26.107;26.125;26.144;26.162;26.18;25.834;25.491;25.149;24.81;24.473;24.172;23.872;23.571;23.27;22.969;22.668;22.368;22.067;21.766;21.465;21.164;20.864;20.563;20.262;19.961;19.66;19.36;19.059;18.758;18.457;17.683;16.909;16.134;15.36;14.586;13.811;13.037;12.263;11.488;10.714
109;0;1.822;3.643;5.465;7.287;8.193;9.08;9.982;10.372;12.146;13.059;14.158;15.418;16.586;17.075;18.152;19.337;19.947;20.919;21.184;21.339;21.991;22.374;22.766;23.286;23.925;24.526;24.925;25.484;25.896;26.219;26.241;26.262;26.284;26.306;26.327;25.981;25.637;25.295;24.956;24.619;24.319;24.018;23.718;23.418;23.118;22.818;22.518;22.218;21.918;21.618;21.318;21.017;20.717;20.417;20.117;19.817;19.517;19.217;18.917;18.617;17.835;17.053;16.271;15.489;14.707;13.926;13.144;12.362;11.58;10.798
110;0;1.815;3.631;5.446;7.262;8.164;9.047;9.97;10.331;12.136;13.049;14.172;15.469;16.661;17.132;18.218;19.433;20.059;21.061;21.311;21.447;22.104;22.479;22.865;23.387;24.033;24.649;25.045;25.609;26.036;26.349;26.374;26.399;26.424;26.449;26.474;26.128;25.784;25.442;25.102;24.764;24.465;24.165;23.866;23.566;23.267;22.968;22.668;22.369;22.07;21.77;21.471;21.171;20.872;20.573;20.273;19.974;19.674;19.375;19.076;18.776;17.987;17.197;16.408;15.619;14.829;14.04;13.251;12.461;11.672;10.883
111;0;1.801;3.602;5.403;7.204;8.103;8.99;9.903;10.277;12.031;12.932;14.096;15.353;16.52;17.07;18.158;19.368;20.015;21.044;21.329;21.506;22.167;22.574;22.973;23.496;24.141;24.728;25.109;25.65;26.069;26.346;26.322;26.362;26.403;26.443;26.484;26.143;25.805;25.469;25.135;24.803;24.51;24.216;23.923;23.629;23.336;23.042;22.749;22.455;22.162;21.868;21.575;21.281;20.988;20.694;20.401;20.108;19.814;19.521;19.227;18.934;18.138;17.343;16.547;15.752;14.956;14.161;13.365;12.57;11.774;10.979
112;0;1.786;3.573;5.359;7.145;8.042;8.933;9.835;10.223;11.926;12.814;14.02;15.238;16.378;17.008;18.098;19.302;19.972;21.027;21.346;21.565;22.231;22.669;23.08;23.606;24.248;24.807;25.173;25.692;26.101;26.353;26.313;26.325;26.381;26.437;26.493;26.159;25.827;25.497;25.168;24.842;24.555;24.267;23.98;23.692;23.405;23.117;22.829;22.542;22.254;21.967;21.679;21.392;21.104;20.816;20.529;20.241;19.954;19.666;19.379;19.091;18.29;17.488;16.686;15.885;15.083;14.282;13.48;12.678;11.877;11.075
113;0;1.772;3.544;5.315;7.087;7.981;8.876;9.768;10.168;11.82;12.697;13.944;15.123;16.236;16.947;18.038;19.236;19.928;21.011;21.364;21.625;22.295;22.764;23.188;23.715;24.356;24.887;25.236;25.734;26.133;26.361;26.328;26.295;26.36;26.431;26.503;26.174;25.848;25.524;25.202;24.881;24.6;24.318;24.036;23.755;23.473;23.192;22.91;22.628;22.347;22.065;21.783;21.502;21.22;20.938;20.657;20.375;20.094;19.812;19.53;19.249;18.441;17.633;16.825;16.018;15.21;14.402;13.595;12.787;11.979;11.171
114;0;1.757;3.515;5.272;7.029;7.92;8.818;9.701;10.114;11.715;12.58;13.867;15.008;16.095;16.885;17.978;19.17;19.884;20.994;21.382;21.684;22.358;22.859;23.295;23.825;24.463;24.966;25.3;25.775;26.166;26.368;26.342;26.316;26.338;26.425;26.512;26.19;25.87;25.552;25.235;24.921;24.645;24.369;24.093;23.818;23.542;23.266;22.99;22.715;22.439;22.163;21.888;21.612;21.336;21.06;20.785;20.509;20.233;19.957;19.682;19.406;18.592;17.778;16.965;16.151;15.337;14.523;13.709;12.895;12.082;11.268
115;0;1.743;3.485;5.228;6.971;7.859;8.761;9.634;10.06;11.61;12.462;13.791;14.892;15.953;16.823;17.918;19.105;19.84;20.977;21.4;21.744;22.422;22.954;23.402;23.934;24.571;25.045;25.363;25.817;26.198;26.375;26.357;26.338;26.319;26.419;26.521;26.206;25.891;25.579;25.269;24.96;24.69;24.42;24.15;23.88;23.611;23.341;23.071;22.801;22.531;22.262;21.992;21.722;21.452;21.182;20.913;20.643;20.373;20.103;19.833;19.564;18.744;17.924;17.104;16.284;15.464;14.644;13.824;13.004;12.184;11.364
116;0;1.733;3.465;5.198;6.931;7.797;8.704;9.567;10.006;11.504;12.345;13.715;14.777;15.812;16.762;17.857;19.039;19.796;20.96;21.417;21.803;22.485;23.049;23.51;24.044;24.678;25.125;25.427;25.859;26.23;26.383;26.371;26.359;26.348;26.413;26.531;26.221;25.913;25.607;25.302;24.999;24.735;24.471;24.207;23.943;23.679;23.415;23.152;22.888;22.624;22.36;22.096;21.832;21.568;21.304;21.04;20.777;20.513;20.249;19.985;19.721;18.895;18.069;17.243;16.417;15.591;14.765;13.938;13.112;12.286;11.46
117;0;1.725;3.45;5.175;6.901;7.736;8.647;9.499;9.952;11.399;12.228;13.639;14.662;15.67;16.7;17.797;18.973;19.753;20.944;21.435;21.863;22.549;23.144;23.617;24.153;24.786;25.204;25.491;25.901;26.263;26.39;26.385;26.381;26.376;26.407;26.54;26.237;25.935;25.634;25.335;25.038;24.78;24.522;24.264;24.006;23.748;23.49;23.232;22.974;22.716;22.458;22.2;21.942;21.684;21.426;21.168;20.91;20.652;20.394;20.136;19.878;19.046;18.214;17.382;16.55;15.718;14.885;14.053;13.221;12.389;11.557
118;0;1.718;3.435;5.153;6.871;7.711;8.59;9.432;9.898;11.294;12.11;13.563;14.547;15.528;16.639;17.737;18.908;19.709;20.927;21.453;21.922;22.613;23.239;23.725;24.263;24.893;25.283;25.554;25.942;26.295;26.397;26.4;26.402;26.405;26.407;26.549;26.252;25.956;25.662;25.369;25.077;24.825;24.573;24.321;24.069;23.817;23.565;23.313;23.061;22.809;22.556;22.304;22.052;21.8;21.548;21.296;21.044;20.792;20.54;20.288;20.036;19.198;18.359;17.521;16.683;15.844;15.006;14.168;13.329;12.491;11.653
119;0;1.71;3.42;5.13;6.84;7.692;8.581;9.385;9.843;11.188;11.993;13.486;14.431;15.387;16.577;17.677;18.842;19.665;20.91;21.471;21.982;22.676;23.334;23.832;24.372;25;25.362;25.618;25.984;26.327;26.404;26.414;26.424;26.433;26.443;26.559;26.268;25.978;25.689;25.402;25.116;24.87;24.624;24.378;24.132;23.885;23.639;23.393;23.147;22.901;22.655;22.409;22.162;21.916;21.67;21.424;21.178;20.932;20.686;20.44;20.193;19.349;18.505;17.66;16.816;15.971;15.127;14.282;13.438;12.594;11.749
120;0;1.703;3.405;5.108;6.81;7.673;8.586;9.408;9.89;11.193;11.976;13.44;14.316;15.245;16.515;17.617;18.776;19.621;20.894;21.488;22.041;22.74;23.428;23.94;24.482;25.108;25.442;25.682;26.026;26.36;26.412;26.428;26.445;26.462;26.479;26.568;26.283;25.999;25.717;25.435;25.155;24.915;24.675;24.435;24.194;23.954;23.714;23.474;23.233;22.993;22.753;22.513;22.273;22.032;21.792;21.552;21.312;21.072;20.831;20.591;20.351;19.5;18.65;17.799;16.949;16.098;15.248;14.397;13.547;12.696;11.845
121;0;1.69;3.38;5.069;6.759;7.616;8.531;9.341;9.835;11.086;11.86;13.373;14.187;15.094;16.448;17.554;18.71;19.578;20.876;21.507;22.1;22.804;23.524;24.046;24.591;25.215;25.521;25.744;26.069;26.39;26.42;26.437;26.454;26.471;26.489;26.579;26.299;26.021;25.744;25.468;25.193;24.959;24.725;24.49;24.256;24.022;23.788;23.553;23.319;23.085;22.851;22.616;22.382;22.148;21.914;21.679;21.445;21.211;20.977;20.742;20.508;19.651;18.794;17.938;17.081;16.224;15.367;14.511;13.654;12.797;11.94
122;0;1.677;3.354;5.031;6.708;7.559;8.476;9.274;9.78;10.98;11.744;13.306;14.058;14.944;16.381;17.491;18.644;19.535;20.859;21.525;22.159;22.868;23.619;24.153;24.7;25.321;25.599;25.807;26.112;26.42;26.428;26.446;26.463;26.481;26.498;26.589;26.315;26.043;25.771;25.5;25.231;25.003;24.774;24.546;24.318;24.09;23.861;23.633;23.405;23.176;22.948;22.72;22.491;22.263;22.035;21.807;21.578;21.35;21.122;20.893;20.665;19.802;18.939;18.076;17.213;16.35;15.487;14.624;13.761;12.898;12.035
123;0;1.664;3.328;4.992;6.657;7.502;8.422;9.208;9.726;10.873;11.628;13.24;13.949;14.793;16.313;17.428;18.578;19.492;20.842;21.544;22.218;22.931;23.714;24.259;24.809;25.428;25.678;25.869;26.154;26.45;26.436;26.454;26.472;26.49;26.508;26.6;26.331;26.064;25.798;25.533;25.269;25.047;24.824;24.602;24.38;24.157;23.935;23.713;23.49;23.268;23.046;22.823;22.601;22.379;22.156;21.934;21.712;21.489;21.267;21.045;20.822;19.953;19.084;18.214;17.345;16.476;15.607;14.737;13.868;12.999;12.13
124;0;1.651;3.303;4.954;6.605;7.446;8.367;9.141;9.671;10.766;11.512;13.173;13.86;14.643;16.246;17.364;18.512;19.45;20.824;21.562;22.278;22.995;23.809;24.366;24.918;25.534;25.757;25.932;26.197;26.48;26.444;26.463;26.481;26.5;26.518;26.61;26.348;26.086;25.825;25.566;25.307;25.09;24.874;24.658;24.441;24.225;24.009;23.792;23.576;23.359;23.143;22.927;22.71;22.494;22.278;22.061;21.845;21.629;21.412;21.196;20.979;20.104;19.228;18.353;17.477;16.602;15.726;14.851;13.975;13.1;12.224
125;0;1.639;3.277;4.916;6.554;7.389;8.313;9.074;9.617;10.659;11.396;13.106;13.771;14.492;16.179;17.301;18.446;19.407;20.807;21.581;22.337;23.059;23.904;24.473;25.027;25.641;25.836;25.995;26.24;26.51;26.452;26.471;26.49;26.509;26.528;26.62;26.364;26.108;25.853;25.598;25.345;25.134;24.924;24.713;24.503;24.293;24.082;23.872;23.661;23.451;23.241;23.03;22.82;22.609;22.399;22.189;21.978;21.768;21.557;21.347;21.137;20.255;19.373;18.491;17.61;16.728;15.846;14.964;14.083;13.201;12.319
126;0;1.626;3.251;4.877;6.503;7.332;8.258;9.007;9.562;10.552;11.28;13.039;13.683;14.389;16.111;17.238;18.38;19.364;20.789;21.6;22.396;23.122;23.999;24.579;25.136;25.748;25.915;26.057;26.283;26.54;26.46;26.48;26.499;26.519;26.538;26.631;26.38;26.129;25.88;25.631;25.383;25.178;24.974;24.769;24.565;24.36;24.156;23.951;23.747;23.543;23.338;23.134;22.929;22.725;22.52;22.316;22.111;21.907;21.703;21.498;21.294;20.406;19.518;18.63;17.742;16.854;15.966;15.078;14.19;13.302;12.414
127;0;1.613;3.226;4.839;6.452;7.275;8.203;8.94;9.507;10.445;11.165;12.972;13.594;14.297;16.077;17.175;18.314;19.321;20.772;21.618;22.455;23.186;24.094;24.686;25.245;25.854;25.993;26.12;26.326;26.571;26.469;26.489;26.508;26.528;26.548;26.641;26.396;26.151;25.907;25.663;25.42;25.222;25.024;24.825;24.627;24.428;24.23;24.031;23.833;23.634;23.436;23.237;23.039;22.84;22.642;22.443;22.245;22.046;21.848;21.649;21.451;20.557;19.662;18.768;17.874;16.98;16.085;15.191;14.297;13.403;12.509
128;0;1.6;3.2;4.8;6.4;7.218;8.149;8.873;9.453;10.338;11.049;12.905;13.505;14.206;16.101;17.176;18.25;19.278;20.755;21.637;22.514;23.25;24.189;24.793;25.354;25.961;26.072;26.182;26.369;26.601;26.477;26.497;26.518;26.538;26.558;26.652;26.412;26.173;25.934;25.696;25.458;25.266;25.073;24.881;24.688;24.496;24.303;24.111;23.918;23.726;23.533;23.341;23.148;22.956;22.763;22.571;22.378;22.186;21.993;21.8;21.608;20.707;19.807;18.907;18.006;17.106;16.205;15.305;14.404;13.504;12.603
129;0;1.587;3.174;4.762;6.349;7.161;8.094;8.806;9.398;10.231;10.933;12.838;13.416;14.114;16.125;17.245;18.369;19.433;20.915;21.655;22.573;23.314;24.284;24.899;25.463;26.068;26.151;26.245;26.412;26.631;26.485;26.506;26.527;26.547;26.568;26.662;26.428;26.194;25.961;25.729;25.496;25.31;25.123;24.937;24.75;24.563;24.377;24.19;24.004;23.817;23.631;23.444;23.258;23.071;22.884;22.698;22.511;22.325;22.138;21.952;21.765;20.858;19.952;19.045;18.138;17.232;16.325;15.418;14.511;13.605;12.698
130;0;1.57;3.139;4.709;6.279;7.101;8.024;8.726;9.328;10.13;10.832;12.708;13.265;13.941;15.971;17.11;18.244;19.319;20.821;21.551;22.49;23.262;24.253;24.899;25.515;26.109;26.172;26.266;26.412;26.6;26.464;26.483;26.502;26.52;26.539;26.631;26.399;26.168;25.937;25.706;25.476;25.294;25.112;24.93;24.748;24.566;24.384;24.202;24.02;23.838;23.656;23.474;23.292;23.11;22.928;22.746;22.563;22.381;22.199;22.017;21.835;20.928;20.02;19.112;18.204;17.297;16.389;15.481;14.574;13.666;12.758
131;0;1.552;3.103;4.655;6.207;7.039;7.942;8.64;9.252;10.044;10.756;12.55;13.107;13.79;15.71;16.955;18.102;19.183;20.643;21.365;22.308;23.128;24.14;24.822;25.525;26.116;26.174;26.268;26.385;26.558;26.435;26.453;26.471;26.49;26.508;26.56;26.34;26.12;25.901;25.681;25.462;25.282;25.103;24.923;24.743;24.563;24.384;24.204;24.024;23.845;23.665;23.485;23.305;23.126;22.946;22.766;22.586;22.407;22.227;22.047;21.867;20.962;20.058;19.153;18.248;17.343;16.438;15.533;14.628;13.723;12.818
132;0;1.534;3.067;4.601;6.134;6.977;7.86;8.554;9.175;9.958;10.68;12.391;12.949;13.639;15.449;16.8;17.96;19.047;20.466;21.18;22.127;22.995;24.027;24.745;25.536;26.122;26.176;26.27;26.358;26.516;26.406;26.423;26.441;26.459;26.477;26.495;26.281;26.072;25.864;25.656;25.448;25.271;25.093;24.916;24.738;24.561;24.384;24.206;24.029;23.851;23.674;23.496;23.319;23.142;22.964;22.787;22.609;22.432;22.254;22.077;21.9;20.997;20.095;19.193;18.291;17.389;16.487;15.585;14.683;13.781;12.879
133;0;1.516;3.031;4.547;6.062;6.915;7.777;8.467;9.099;9.872;10.604;12.233;12.791;13.488;15.188;16.644;17.819;18.912;20.289;20.994;21.945;22.861;23.915;24.668;25.546;26.128;26.178;26.272;26.33;26.474;26.376;26.394;26.411;26.429;26.446;26.464;26.233;26.025;25.828;25.631;25.434;25.259;25.084;24.909;24.734;24.558;24.383;24.208;24.033;23.858;23.683;23.508;23.333;23.157;22.982;22.807;22.632;22.457;22.282;22.107;21.932;21.032;20.133;19.234;18.334;17.435;16.536;15.637;14.737;13.838;12.939
134;0;1.497;2.995;4.492;5.99;6.852;7.695;8.381;9.023;9.785;10.527;12.074;12.634;13.337;14.927;16.489;17.677;18.776;20.111;20.808;21.764;22.727;23.802;24.591;25.556;26.134;26.18;26.274;26.303;26.433;26.347;26.364;26.381;26.398;26.416;26.433;26.205;25.978;25.792;25.606;25.42;25.247;25.074;24.902;24.729;24.556;24.383;24.21;24.037;23.865;23.692;23.519;23.346;23.173;23.001;22.828;22.655;22.482;22.309;22.137;21.964;21.067;20.171;19.274;18.378;17.481;16.585;15.688;14.792;13.895;12.999
135;0;1.479;2.959;4.438;5.918;6.79;7.613;8.295;8.947;9.699;10.451;11.916;12.476;13.186;14.667;16.334;17.535;18.641;19.934;20.633;21.582;22.594;23.689;24.513;25.567;26.141;26.182;26.276;26.276;26.391;26.318;26.335;26.351;26.368;26.385;26.401;26.178;25.954;25.755;25.581;25.406;25.235;25.065;24.894;24.724;24.553;24.383;24.212;24.042;23.871;23.701;23.53;23.36;23.189;23.019;22.848;22.678;22.507;22.337;22.166;21.996;21.102;20.208;19.315;18.421;17.527;16.634;15.74;14.846;13.953;13.059
136;0;1.462;2.924;4.386;5.847;6.72;7.522;8.205;8.867;9.619;10.381;11.725;12.324;13.044;14.42;16.075;17.389;18.495;19.736;20.435;21.342;22.375;23.501;24.367;25.546;26.109;26.161;26.255;26.234;26.328;26.287;26.293;26.31;26.326;26.343;26.36;26.142;25.925;25.709;25.551;25.396;25.225;25.054;24.883;24.712;24.541;24.37;24.199;24.028;23.857;23.686;23.515;23.344;23.173;23.002;22.831;22.66;22.489;22.318;22.147;21.976;21.088;20.2;19.313;18.425;17.537;16.65;15.762;14.874;13.987;13.099
137;0;1.442;2.884;4.325;5.767;6.657;7.399;8.114;8.786;9.542;10.321;11.561;12.149;12.908;14.198;15.802;17.232;18.338;19.524;20.23;21.123;22.184;23.296;24.18;25.463;26.036;26.106;26.21;26.172;26.255;26.234;26.247;26.26;26.274;26.291;26.307;26.097;25.886;25.676;25.507;25.379;25.203;25.027;24.85;24.674;24.497;24.321;24.145;23.968;23.792;23.616;23.439;23.263;23.087;22.91;22.734;22.557;22.381;22.205;22.028;21.852;20.977;20.102;19.227;18.352;17.477;16.602;15.727;14.852;13.977;13.103
138;0;1.422;2.844;4.265;5.687;6.593;7.275;8.024;8.706;9.465;10.261;11.397;11.974;12.772;13.975;15.53;17.076;18.182;19.312;20.024;20.904;22.003;23.122;24.023;25.39;25.963;26.05;26.165;26.109;26.182;26.182;26.203;26.224;26.245;26.266;26.287;26.055;25.847;25.643;25.464;25.363;25.181;24.999;24.817;24.636;24.454;24.272;24.091;23.909;23.727;23.545;23.364;23.182;23;22.819;22.637;22.455;22.273;22.092;21.91;21.728;20.866;20.004;19.142;18.279;17.417;16.555;15.693;14.83;13.968;13.106
139;0;1.402;2.803;4.205;5.607;6.53;7.151;7.934;8.626;9.388;10.201;11.234;11.799;12.636;13.752;15.257;16.919;18.025;19.1;19.819;20.685;21.822;22.949;23.877;25.337;25.89;25.995;26.12;26.047;26.109;26.13;26.159;26.189;26.218;26.247;26.276;26.082;25.888;25.694;25.5;25.346;25.159;24.972;24.785;24.598;24.411;24.223;24.036;23.849;23.662;23.475;23.288;23.101;22.914;22.727;22.54;22.353;22.166;21.979;21.792;21.605;20.755;19.906;19.056;18.206;17.357;16.507;15.658;14.808;13.959;13.109
140;0;1.384;2.768;4.152;5.537;6.429;7.021;7.843;8.546;9.308;10.13;11.083;11.637;12.494;13.547;14.999;16.669;17.869;18.891;19.6;20.466;21.634;22.761;23.721;25.254;25.796;25.911;26.036;25.974;26.026;26.068;26.099;26.13;26.161;26.193;26.224;26.043;25.862;25.68;25.498;25.316;25.123;24.931;24.738;24.545;24.353;24.16;23.968;23.775;23.583;23.39;23.197;23.005;22.812;22.62;22.427;22.235;22.042;21.849;21.657;21.464;20.63;19.795;18.961;18.126;17.292;16.457;15.623;14.788;13.954;13.119
141;0;1.367;2.733;4.1;5.466;6.329;6.901;7.733;8.455;9.238;10.07;10.933;11.485;12.361;13.362;14.75;16.408;17.712;18.693;19.412;20.174;21.488;22.573;23.376;24.931;25.421;25.65;25.723;25.88;25.932;26.005;26.036;26.068;26.099;26.13;26.161;25.987;25.812;25.637;25.462;25.286;25.085;24.884;24.684;24.483;24.283;24.082;23.881;23.681;23.48;23.28;23.079;22.878;22.678;22.477;22.277;22.076;21.875;21.675;21.474;21.274;20.459;19.645;18.83;18.016;17.201;16.387;15.573;14.758;13.944;13.129
142;0;1.352;2.703;4.055;5.406;6.229;6.79;7.643;8.375;9.157;10;10.782;11.344;12.229;13.177;14.502;16.158;17.462;18.432;19.131;19.882;21.165;22.26;23.032;24.555;25.045;25.275;25.369;25.775;25.828;25.932;25.965;25.999;26.032;26.065;26.099;25.931;25.763;25.594;25.425;25.256;25.049;24.842;24.636;24.429;24.222;24.016;23.809;23.603;23.396;23.189;22.983;22.776;22.57;22.363;22.156;21.95;21.743;21.536;21.33;21.123;20.325;19.526;18.728;17.93;17.131;16.333;15.534;14.736;13.938;13.139
143;0;1.334;2.668;4.002;5.336;6.128;6.67;7.553;8.275;9.077;9.859;10.622;11.202;12.086;13.003;14.253;15.918;17.222;18.171;18.86;19.59;20.862;21.947;22.698;24.2;24.691;24.92;25.004;25.473;25.702;25.849;25.884;25.919;25.955;25.99;26.026;25.865;25.704;25.541;25.379;25.215;25.006;24.797;24.588;24.379;24.17;23.961;23.752;23.542;23.333;23.124;22.915;22.706;22.497;22.288;22.079;21.869;21.66;21.451;21.242;21.033;20.243;19.452;18.662;17.871;17.081;16.291;15.5;14.71;13.92;13.129
144;0;1.316;2.633;3.949;5.266;6.028;6.55;7.472;8.195;8.957;9.729;10.471;11.071;11.964;12.838;14.015;15.668;16.972;17.91;18.599;19.319;20.56;21.634;22.364;23.835;24.326;24.565;24.659;25.129;25.504;25.765;25.801;25.836;25.871;25.907;25.942;25.788;25.634;25.478;25.322;25.165;24.951;24.737;24.523;24.309;24.095;23.88;23.666;23.452;23.238;23.024;22.81;22.596;22.381;22.167;21.953;21.739;21.525;21.311;21.097;20.882;20.107;19.332;18.557;17.781;17.006;16.231;15.455;14.68;13.905;13.129
145;0;1.299;2.598;3.897;5.196;5.928;6.439;7.392;8.114;8.836;9.599;10.321;10.949;11.841;12.684;13.787;15.428;16.732;17.66;18.338;19.037;20.257;21.332;22.052;23.491;23.981;24.232;24.315;24.805;25.223;25.671;25.709;25.746;25.784;25.821;25.859;25.712;25.564;25.415;25.265;25.115;24.893;24.672;24.45;24.228;24.007;23.785;23.563;23.342;23.12;22.898;22.677;22.455;22.234;22.012;21.79;21.569;21.347;21.125;20.904;20.682;19.926;19.169;18.413;17.657;16.901;16.144;15.388;14.632;13.876;13.119
146;0;1.281;2.563;3.844;5.125;5.827;6.329;7.312;8.034;8.716;9.458;10.17;10.818;11.719;12.53;13.56;15.188;16.502;17.41;18.088;18.776;19.976;21.029;21.718;23.136;23.637;23.898;23.992;24.482;24.878;25.358;25.44;25.521;25.602;25.684;25.765;25.625;25.484;25.342;25.199;25.055;24.829;24.604;24.378;24.152;23.927;23.701;23.475;23.25;23.024;22.798;22.573;22.347;22.121;21.895;21.67;21.444;21.218;20.993;20.767;20.541;19.799;19.057;18.315;17.573;16.83;16.088;15.346;14.604;13.861;13.119
147;0;1.264;2.528;3.791;5.055;5.732;6.219;7.222;7.939;8.601;9.328;10.025;10.692;11.581;12.381;13.337;14.958;16.273;17.17;17.832;18.51;19.694;20.737;21.405;22.797;23.293;23.575;23.674;24.174;24.555;25.061;25.182;25.303;25.424;25.545;25.666;25.532;25.396;25.26;25.123;24.985;24.755;24.525;24.295;24.065;23.835;23.605;23.375;23.145;22.915;22.685;22.455;22.225;21.996;21.766;21.536;21.306;21.076;20.846;20.616;20.386;19.657;18.928;18.198;17.469;16.74;16.011;15.282;14.553;13.823;13.094
148;0;1.246;2.492;3.739;4.985;5.637;6.108;7.131;7.843;8.485;9.198;9.88;10.565;11.444;12.232;13.115;14.729;16.043;16.93;17.577;18.244;19.412;20.445;21.092;22.458;22.949;23.251;23.355;23.867;24.232;24.764;24.924;25.085;25.246;25.406;25.567;25.439;25.309;25.179;25.047;24.915;24.68;24.446;24.212;23.978;23.744;23.509;23.275;23.041;22.807;22.573;22.338;22.104;21.87;21.636;21.402;21.167;20.933;20.699;20.465;20.231;19.514;18.798;18.082;17.366;16.65;15.934;15.218;14.501;13.785;13.069
149;0;1.231;2.462;3.694;4.925;5.537;6.008;7.011;7.743;8.365;9.077;9.739;10.434;11.301;12.078;12.908;14.499;15.814;16.69;17.337;17.994;19.131;20.164;20.8;22.135;22.636;22.949;23.053;23.585;23.95;24.482;24.666;24.849;25.033;25.216;25.4;25.289;25.178;25.065;24.95;24.834;24.595;24.356;24.117;23.877;23.638;23.399;23.16;22.921;22.681;22.442;22.203;21.964;21.724;21.485;21.246;21.007;20.768;20.528;20.289;20.05;19.347;18.644;17.941;17.238;16.534;15.831;15.128;14.425;13.722;13.019
150;0;1.214;2.427;3.641;4.855;5.436;5.898;6.901;7.623;8.235;8.937;9.579;10.282;11.138;11.904;12.69;14.259;15.574;16.44;17.065;17.723;18.839;19.851;20.476;21.77;22.281;22.636;22.75;23.282;23.658;24.19;24.369;24.549;24.728;24.908;25.087;24.985;24.882;24.777;24.671;24.563;24.329;24.094;23.859;23.625;23.39;23.155;22.921;22.686;22.451;22.216;21.982;21.747;21.512;21.278;21.043;20.808;20.574;20.339;20.104;19.869;19.175;18.481;17.787;17.093;16.399;15.705;15.011;14.317;13.623;12.929
151;0;1.195;2.389;3.584;4.778;5.33;5.785;6.794;7.502;8.104;8.796;9.422;10.132;10.971;11.725;12.469;14.02;15.334;16.185;16.803;17.458;18.551;19.544;20.151;21.415;21.933;22.314;22.438;22.978;23.37;23.896;24.074;24.251;24.429;24.607;24.785;24.688;24.591;24.491;24.391;24.289;24.032;23.803;23.575;23.346;23.118;22.889;22.66;22.432;22.203;21.975;21.746;21.518;21.289;21.06;20.832;20.603;20.375;20.146;19.917;19.689;19.005;18.32;17.636;16.952;16.268;15.583;14.899;14.215;13.531;12.846
152;0;1.176;2.351;3.527;4.702;5.224;5.673;6.688;7.382;7.974;8.656;9.266;9.983;10.804;11.546;12.247;13.78;15.094;15.931;16.54;17.193;18.263;19.237;19.826;21.061;21.584;21.993;22.125;22.673;23.082;23.602;23.778;23.954;24.13;24.306;24.482;24.391;24.299;24.206;24.11;24.014;23.735;23.513;23.29;23.068;22.845;22.623;22.4;22.178;21.955;21.733;21.511;21.288;21.066;20.843;20.621;20.398;20.176;19.953;19.731;19.508;18.834;18.16;17.485;16.811;16.136;15.462;14.787;14.113;13.439;12.764
153;0;1.156;2.313;3.469;4.626;5.117;5.561;6.582;7.262;7.843;8.515;9.109;9.833;10.637;11.368;12.026;13.54;14.854;15.676;16.277;16.928;17.975;18.931;19.5;20.706;21.236;21.672;21.812;22.369;22.794;23.307;23.482;23.656;23.831;24.005;24.18;24.095;24.008;23.92;23.83;23.739;23.438;23.222;23.006;22.789;22.573;22.357;22.14;21.924;21.708;21.491;21.275;21.059;20.842;20.626;20.41;20.193;19.977;19.761;19.544;19.328;18.663;17.999;17.334;16.669;16.005;15.34;14.676;14.011;13.347;12.682
154;0;1.137;2.275;3.412;4.55;5.011;5.448;6.475;7.141;7.713;8.375;8.953;9.684;10.47;11.189;11.804;13.3;14.614;15.421;16.014;16.663;17.687;18.624;19.175;20.351;20.887;21.351;21.499;22.064;22.506;23.013;23.186;23.359;23.532;23.704;23.877;23.798;23.717;23.634;23.55;23.464;23.142;22.931;22.721;22.511;22.301;22.09;21.88;21.67;21.46;21.25;21.039;20.829;20.619;20.409;20.198;19.988;19.778;19.568;19.357;19.147;18.493;17.838;17.183;16.528;15.873;15.219;14.564;13.909;13.254;12.6
155;0;1.118;2.237;3.355;4.473;4.905;5.336;6.369;7.021;7.583;8.235;8.796;9.534;10.303;11.01;11.583;13.06;14.374;15.167;15.751;16.398;17.399;18.317;18.849;19.997;20.539;21.029;21.186;21.759;22.218;22.719;22.89;23.061;23.232;23.403;23.575;23.501;23.425;23.348;23.27;23.189;22.845;22.641;22.437;22.232;22.028;21.824;21.62;21.416;21.212;21.008;20.804;20.6;20.396;20.191;19.987;19.783;19.579;19.375;19.171;18.967;18.322;17.677;17.032;16.387;15.742;15.097;14.452;13.807;13.162;12.517
156;0;1.106;2.213;3.319;4.425;4.836;5.268;6.289;6.939;7.5;8.148;8.7;9.435;10.193;10.889;11.452;12.912;14.228;15.013;15.59;16.239;17.224;18.132;18.653;19.778;20.33;20.844;21.004;21.586;22.054;22.55;22.717;22.883;23.05;23.216;23.383;23.31;23.235;23.158;23.08;23.001;22.586;22.389;22.193;21.996;21.8;21.603;21.407;21.21;21.014;20.817;20.621;20.424;20.228;20.031;19.835;19.638;19.442;19.245;19.049;18.852;18.21;17.568;16.925;16.283;15.641;14.998;14.356;13.714;13.071;12.429
157;0;1.094;2.189;3.283;4.377;4.768;5.2;6.209;6.857;7.418;8.062;8.604;9.336;10.082;10.768;11.322;12.764;14.082;14.858;15.43;16.081;17.049;17.946;18.457;19.559;20.122;20.658;20.823;21.413;21.889;22.381;22.543;22.705;22.867;23.029;23.191;23.118;23.044;22.969;22.891;22.812;22.382;22.138;21.949;21.76;21.571;21.382;21.193;21.004;20.816;20.627;20.438;20.249;20.06;19.871;19.682;19.494;19.305;19.116;18.927;18.738;18.098;17.459;16.819;16.179;15.539;14.9;14.26;13.62;12.981;12.341
158;0;1.082;2.164;3.247;4.329;4.7;5.131;6.128;6.774;7.336;7.976;8.507;9.237;9.972;10.647;11.191;12.615;13.936;14.704;15.269;15.922;16.874;17.76;18.261;19.339;19.913;20.472;20.641;21.24;21.724;22.212;22.369;22.527;22.684;22.841;22.999;22.927;22.854;22.779;22.702;22.624;22.199;21.886;21.705;21.524;21.342;21.161;20.98;20.799;20.617;20.436;20.255;20.074;19.892;19.711;19.53;19.349;19.167;18.986;18.805;18.624;17.987;17.349;16.712;16.075;15.438;14.801;14.164;13.527;12.89;12.253
159;0;1.07;2.14;3.211;4.281;4.632;5.063;6.048;6.692;7.254;7.89;8.411;9.138;9.862;10.525;11.061;12.467;13.79;14.549;15.109;15.764;16.698;17.574;18.065;19.12;19.705;20.287;20.46;21.067;21.559;22.043;22.196;22.349;22.501;22.654;22.807;22.736;22.663;22.589;22.513;22.435;22.015;21.635;21.461;21.287;21.114;20.94;20.766;20.593;20.419;20.246;20.072;19.898;19.725;19.551;19.377;19.204;19.03;18.857;18.683;18.509;17.875;17.24;16.606;15.971;15.337;14.702;14.068;13.433;12.799;12.164
160;0;1.058;2.116;3.174;4.233;4.564;4.995;5.968;6.61;7.171;7.803;8.315;9.039;9.752;10.404;10.931;12.319;13.644;14.395;14.948;15.605;16.523;17.389;17.869;18.901;19.496;20.101;20.278;20.894;21.394;21.874;22.022;22.17;22.319;22.467;22.615;22.544;22.472;22.399;22.323;22.247;21.832;21.417;21.217;21.051;20.885;20.719;20.553;20.387;20.221;20.055;19.889;19.723;19.557;19.391;19.225;19.059;18.893;18.727;18.561;18.395;17.763;17.131;16.499;15.867;15.236;14.604;13.972;13.34;12.708;12.076
161;0;1.046;2.091;3.137;4.183;4.498;4.925;5.888;6.525;7.086;7.718;8.22;8.93;9.625;10.262;10.768;12.126;13.446;14.189;14.735;15.389;16.283;17.135;17.602;18.61;19.208;19.837;20.024;20.637;21.146;21.624;21.767;21.911;22.054;22.197;22.341;22.288;22.233;22.177;22.12;22.061;21.651;21.242;20.948;20.791;20.634;20.477;20.32;20.163;20.006;19.849;19.692;19.535;19.378;19.221;19.065;18.908;18.751;18.594;18.437;18.28;17.651;17.022;16.393;15.764;15.135;14.506;13.878;13.249;12.62;11.991
162;0;1.033;2.066;3.099;4.132;4.433;4.855;5.807;6.439;7.001;7.633;8.124;8.822;9.498;10.12;10.606;11.935;13.249;13.984;14.522;15.175;16.044;16.882;17.338;18.321;18.922;19.574;19.77;20.381;20.899;21.375;21.513;21.652;21.791;21.93;22.068;22.032;21.995;21.956;21.917;21.875;21.471;21.066;20.679;20.531;20.383;20.236;20.088;19.94;19.792;19.644;19.496;19.348;19.2;19.052;18.904;18.756;18.608;18.46;18.312;18.164;17.538;16.913;16.287;15.661;15.035;14.409;13.783;13.157;12.531;11.906
163;0;1.022;2.044;3.067;4.089;4.371;4.794;5.727;6.357;6.922;7.554;8.036;8.719;9.375;9.983;10.458;11.756;13.067;13.791;14.322;14.975;15.829;16.652;17.097;18.054;18.663;19.338;19.537;20.151;20.677;21.144;21.277;21.409;21.542;21.675;21.807;21.788;21.768;21.747;21.725;21.702;21.302;20.903;20.504;20.264;20.128;19.991;19.855;19.718;19.581;19.445;19.308;19.172;19.035;18.899;18.762;18.625;18.489;18.352;18.216;18.079;17.454;16.83;16.205;15.58;14.956;14.331;13.706;13.081;12.457;11.832
164;0;1.011;2.023;3.034;4.045;4.31;4.734;5.647;6.275;6.844;7.476;7.947;8.617;9.252;9.845;10.311;11.579;12.886;13.598;14.122;14.776;15.615;16.423;16.858;17.789;18.405;19.104;19.306;19.922;20.456;20.915;21.041;21.168;21.295;21.421;21.548;21.546;21.543;21.539;21.534;21.528;21.134;20.74;20.346;19.997;19.872;19.747;19.622;19.496;19.371;19.246;19.121;18.995;18.87;18.745;18.62;18.495;18.369;18.244;18.119;17.994;17.37;16.747;16.123;15.5;14.876;14.253;13.629;13.006;12.382;11.759
165;0;1;2.001;3.001;4.002;4.248;4.674;5.567;6.194;6.765;7.397;7.859;8.514;9.13;9.709;10.165;11.402;12.706;13.407;13.924;14.579;15.402;16.195;16.62;17.525;18.149;18.87;19.075;19.694;20.236;20.686;20.807;20.928;21.048;21.169;21.29;21.304;21.318;21.331;21.343;21.354;20.965;20.577;20.189;19.8;19.616;19.502;19.388;19.275;19.161;19.047;18.933;18.819;18.705;18.592;18.478;18.364;18.25;18.136;18.022;17.909;17.286;16.664;16.041;15.419;14.797;14.174;13.552;12.93;12.307;11.685
166;0;0.99;1.979;2.969;3.959;4.186;4.614;5.486;6.112;6.687;7.319;7.77;8.412;9.007;9.573;10.02;11.227;12.527;13.217;13.727;14.382;15.191;15.968;16.383;17.263;17.894;18.638;18.846;19.467;20.017;20.459;20.574;20.689;20.804;20.918;21.033;21.064;21.094;21.123;21.152;21.18;20.797;20.414;20.031;19.648;19.36;19.258;19.155;19.053;18.951;18.848;18.746;18.643;18.541;18.438;18.336;18.233;18.131;18.028;17.926;17.823;17.202;16.581;15.96;15.339;14.717;14.096;13.475;12.854;12.233;11.611
167;0;0.979;1.958;2.936;3.915;4.124;4.554;5.406;6.03;6.608;7.24;7.681;8.31;8.886;9.437;9.875;11.052;12.35;13.028;13.53;14.187;14.98;15.743;16.148;17.002;17.641;18.408;18.617;19.242;19.8;20.233;20.342;20.451;20.56;20.669;20.778;20.824;20.871;20.916;20.961;21.006;20.629;20.251;19.874;19.496;19.132;19.014;18.922;18.831;18.74;18.649;18.558;18.467;18.376;18.285;18.194;18.102;18.011;17.92;17.829;17.738;17.118;16.498;15.878;15.258;14.638;14.018;13.398;12.778;12.158;11.538
168;0;0.968;1.936;2.904;3.872;4.062;4.493;5.326;5.948;6.53;7.161;7.593;8.208;8.764;9.302;9.731;10.879;12.173;12.84;13.335;13.993;14.771;15.519;15.914;16.743;17.39;18.178;18.391;19.017;19.584;20.008;20.111;20.214;20.318;20.421;20.524;20.586;20.648;20.71;20.771;20.832;20.46;20.088;19.716;19.344;18.987;18.769;18.689;18.61;18.53;18.45;18.37;18.291;18.211;18.131;18.051;17.972;17.892;17.812;17.733;17.653;17.034;16.415;15.796;15.177;14.559;13.94;13.321;12.702;12.083;11.464
169;0;0.96;1.921;2.881;3.841;4.022;4.453;5.271;5.893;6.479;7.106;7.533;8.136;8.68;9.199;9.629;10.75;12.039;12.703;13.192;13.846;14.612;15.347;15.735;16.55;17.2;18.005;18.227;18.851;19.42;19.838;19.936;20.033;20.131;20.229;20.327;20.405;20.483;20.561;20.639;20.717;20.348;19.979;19.61;19.242;18.884;18.581;18.484;18.415;18.346;18.277;18.208;18.139;18.07;18.001;17.932;17.863;17.794;17.726;17.657;17.588;16.972;16.356;15.74;15.124;14.508;13.893;13.277;12.661;12.045;11.429
170;0;0.953;1.906;2.859;3.811;3.982;4.413;5.216;5.837;6.429;7.051;7.472;8.064;8.596;9.097;9.529;10.622;11.906;12.568;13.049;13.701;14.453;15.175;15.557;16.359;17.011;17.833;18.064;18.686;19.258;19.669;19.761;19.853;19.946;20.038;20.13;20.224;20.319;20.413;20.507;20.602;20.236;19.87;19.505;19.139;18.781;18.481;18.279;18.22;18.162;18.104;18.046;17.988;17.93;17.871;17.813;17.755;17.697;17.639;17.581;17.522;16.91;16.297;15.684;15.071;14.458;13.845;13.233;12.62;12.007;11.394
171;0;0.945;1.891;2.836;3.781;3.939;4.373;5.16;5.782;6.377;6.998;7.415;7.999;8.523;9.019;9.456;10.539;11.823;12.48;12.959;13.616;14.358;15.07;15.446;16.234;16.893;17.733;17.966;18.593;19.17;19.579;19.667;19.755;19.843;19.932;20.02;20.113;20.205;20.298;20.391;20.484;20.122;19.76;19.398;19.035;18.683;18.386;18.09;18.009;17.962;17.915;17.868;17.82;17.773;17.726;17.679;17.631;17.584;17.537;17.489;17.442;16.833;16.225;15.616;15.007;14.398;13.789;13.18;12.572;11.963;11.354
172;0;0.938;1.876;2.813;3.751;3.897;4.333;5.105;5.727;6.324;6.946;7.357;7.934;8.45;8.942;9.383;10.456;11.74;12.392;12.868;13.53;14.263;14.965;15.336;16.108;16.775;17.633;17.868;18.5;19.082;19.488;19.573;19.657;19.741;19.825;19.91;20.001;20.092;20.183;20.275;20.366;20.007;19.649;19.29;18.932;18.586;18.292;17.998;17.798;17.762;17.726;17.689;17.653;17.616;17.58;17.544;17.507;17.471;17.435;17.398;17.362;16.757;16.152;15.548;14.943;14.338;13.733;13.128;12.523;11.919;11.314
173;0;0.93;1.861;2.791;3.721;3.854;4.293;5.05;5.672;6.271;6.893;7.299;7.869;8.378;8.864;9.31;10.374;11.657;12.304;12.778;13.445;14.167;14.859;15.226;15.983;16.657;17.532;17.771;18.408;18.994;19.398;19.478;19.559;19.639;19.719;19.799;19.889;19.979;20.069;20.158;20.248;19.893;19.538;19.183;18.828;18.488;18.197;17.906;17.615;17.562;17.536;17.511;17.485;17.46;17.434;17.409;17.383;17.358;17.333;17.307;17.282;16.681;16.08;15.479;14.879;14.278;13.677;13.076;12.475;11.875;11.274
174;0;0.923;1.846;2.768;3.691;3.811;4.253;4.995;5.617;6.219;6.84;7.242;7.803;8.305;8.786;9.238;10.291;11.575;12.217;12.688;13.36;14.072;14.754;15.115;15.857;16.539;17.432;17.673;18.315;18.907;19.308;19.384;19.46;19.536;19.613;19.689;19.777;19.865;19.954;20.042;20.13;19.779;19.427;19.076;18.724;18.39;18.102;17.814;17.526;17.361;17.347;17.332;17.318;17.303;17.289;17.274;17.26;17.245;17.231;17.216;17.201;16.605;16.008;15.411;14.814;14.218;13.621;13.024;12.427;11.83;11.234
175;0;0.92;1.841;2.761;3.681;3.796;4.238;4.975;5.595;6.2;6.822;7.22;7.78;8.278;8.758;9.213;10.261;11.545;12.185;12.655;13.328;14.037;14.716;15.075;15.812;16.496;17.395;17.638;18.281;18.878;19.276;19.35;19.424;19.499;19.573;19.647;19.735;19.824;19.912;20;20.088;19.738;19.387;19.036;18.686;18.352;18.065;17.778;17.491;17.204;17.173;17.167;17.161;17.154;17.148;17.142;17.136;17.13;17.124;17.117;17.111;16.522;15.933;15.344;14.755;14.166;13.577;12.988;12.398;11.809;11.22
176;0;0.918;1.835;2.753;3.671;3.781;4.223;4.955;5.573;6.182;6.804;7.198;7.757;8.251;8.729;9.187;10.231;11.514;12.153;12.621;13.296;14.002;14.677;15.035;15.767;16.453;17.359;17.603;18.248;18.85;19.244;19.316;19.389;19.461;19.533;19.605;19.694;19.782;19.87;19.958;20.047;19.697;19.347;18.997;18.647;18.314;18.028;17.741;17.455;17.169;16.999;17.001;17.004;17.006;17.008;17.01;17.012;17.014;17.017;17.019;17.021;16.44;15.858;15.277;14.695;14.114;13.532;12.951;12.37;11.788;11.207
177;0;0.915;1.83;2.746;3.661;3.766;4.208;4.935;5.552;6.163;6.785;7.176;7.733;8.225;8.701;9.162;10.201;11.484;12.121;12.588;13.265;13.967;14.639;14.995;15.722;16.409;17.322;17.568;18.214;18.821;19.212;19.283;19.353;19.423;19.493;19.564;19.652;19.74;19.828;19.917;20.005;19.656;19.307;18.958;18.609;18.276;17.99;17.705;17.419;17.133;16.848;16.836;16.846;16.857;16.867;16.878;16.889;16.899;16.91;16.92;16.931;16.357;15.783;15.209;14.636;14.062;13.488;12.915;12.341;11.767;11.193
178;0;0.913;1.825;2.738;3.651;3.751;4.193;4.915;5.53;6.145;6.767;7.155;7.71;8.198;8.673;9.137;10.17;11.454;12.089;12.554;13.233;13.932;14.6;14.955;15.677;16.366;17.285;17.532;18.181;18.793;19.181;19.249;19.317;19.385;19.454;19.522;19.61;19.698;19.787;19.875;19.963;19.615;19.267;18.918;18.57;18.238;17.953;17.668;17.383;17.098;16.814;16.67;16.689;16.708;16.727;16.746;16.765;16.784;16.803;16.821;16.84;16.274;15.708;15.142;14.576;14.01;13.444;12.878;12.312;11.746;11.18
179;0;0.91;1.82;2.731;3.641;3.736;4.177;4.895;5.508;6.127;6.749;7.133;7.686;8.171;8.644;9.112;10.14;11.424;12.058;12.521;13.201;13.897;14.562;14.915;15.632;16.322;17.248;17.497;18.148;18.764;19.149;19.215;19.281;19.348;19.414;19.48;19.568;19.656;19.745;19.833;19.921;19.574;19.227;18.879;18.532;18.2;17.916;17.632;17.348;17.063;16.779;16.505;16.532;16.559;16.587;16.614;16.641;16.668;16.696;16.723;16.75;16.192;15.633;15.075;14.517;13.958;13.4;12.842;12.283;11.725;11.167
180;0;0.908;1.815;2.723;3.631;3.721;4.162;4.875;5.486;6.108;6.73;7.111;7.663;8.144;8.616;9.087;10.11;11.394;12.026;12.487;13.169;13.861;14.523;14.874;15.587;16.279;17.211;17.462;18.114;18.736;19.117;19.181;19.246;19.31;19.374;19.438;19.526;19.615;19.703;19.791;19.879;19.533;19.186;18.84;18.493;18.162;17.878;17.595;17.312;17.028;16.745;16.462;16.375;16.411;16.446;16.482;16.517;16.553;16.589;16.624;16.66;16.109;15.559;15.008;14.457;13.907;13.356;12.805;12.255;11.704;11.153
